0 7.58928
138.186 7.48939
276.372 7.39092
414.557 7.29434
552.743 7.20005
690.929 7.10843
829.115 7.01985
967.301 6.93461
1105.49 6.853
1243.67 6.7753
1381.86 6.70173
1520.04 6.63249
1658.23 6.56779
1796.42 6.50776
1934.6 6.45256
2072.79 6.4023
2210.97 6.35708
2349.16 6.31696
2487.34 6.28202
2625.53 6.25228
2763.72 6.22779
2901.9 6.20853
3040.09 6.19452
3178.27 6.18572
3316.46 6.18211
3454.65 6.18364
3592.83 6.19026
3731.02 6.2019
3869.2 6.21847
4007.39 6.23991
4145.57 6.2661
4283.76 6.29696
4421.95 6.33236
4560.13 6.37219
4698.32 6.41634
4836.5 6.46466
4974.69 6.51703
5112.87 6.57331
5251.06 6.63336
5389.25 6.69703
5527.43 6.76418
5665.62 6.83465
5803.8 6.90828
5941.99 6.98494
6080.18 7.06445
6218.36 7.14666
6356.55 7.23141
6494.73 7.31855
6632.92 7.40791
6771.1 7.49934
6909.29 7.59269
7047.48 7.68778
7185.66 7.78448
7323.85 7.88262
7462.03 7.98205
7600.22 8.08263
7738.4 8.1842
7876.59 8.28661
8014.78 8.38973
8152.96 8.49342
8291.15 8.59753
8429.33 8.70193
8567.52 8.80648
8705.71 8.91107
8843.89 9.01556
8982.08 9.11984
9120.26 9.22377
9258.45 9.32726
9396.63 9.43019
9534.82 9.53244
9673.01 9.63393
9811.19 9.73454
9949.38 9.83419
10087.6 9.93277
10225.7 10.0302
10363.9 10.1264
10502.1 10.2213
10640.3 10.3149
10778.5 10.4069
10916.7 10.4975
11054.9 10.5864
11193.1 10.6738
11331.2 10.7594
11469.4 10.8433
11607.6 10.9254
11745.8 11.0056
11884 11.084
12022.2 11.1605
12160.4 11.235
12298.5 11.3076
12436.7 11.3782
12574.9 11.4467
12713.1 11.5133
12851.3 11.5778
12989.5 11.6402
13127.7 11.7006
13265.8 11.759
13404 11.8153
13542.2 11.8695
13680.4 11.9217
13818.6 11.9719
13956.8 12.0201
14095 12.0662
14233.1 12.1104
14371.3 12.1526
14509.5 12.1929
14647.7 12.2313
14785.9 12.2678
14924.1 12.3024
15062.3 12.3352
15200.4 12.3662
15338.6 12.3955
15476.8 12.4231
15615 12.449
15753.2 12.4733
15891.4 12.4961
16029.6 12.5173
16167.7 12.537
16305.9 12.5552
16444.1 12.5721
16582.3 12.5877
16720.5 12.6019
16858.7 12.615
16996.9 12.6268
17135 12.6376
17273.2 12.6472
17411.4 12.6559
17549.6 12.6636
17687.8 12.6704
17826 12.6763
17964.2 12.6815
18102.3 12.6859
18240.5 12.6897
18378.7 12.6928
18516.9 12.6954
18655.1 12.6975
18793.3 12.6991
18931.5 12.7003
19069.6 12.7012
19207.8 12.7018
19346 12.7022
19484.2 12.7023
19622.4 12.7024
19760.6 12.7024
19898.8 12.7023
20036.9 12.7023
20175.1 12.7024
20313.3 12.7025
20451.5 12.7029
20589.7 12.7034
20727.9 12.7042
20866.1 12.7053
21004.2 12.7068
21142.4 12.7086
21280.6 12.7108
21418.8 12.7135
21557 12.7167
21695.2 12.7204
21833.4 12.7247
21971.5 12.7295
22109.7 12.735
22247.9 12.7411
22386.1 12.7479
22524.3 12.7553
22662.5 12.7635
22800.7 12.7724
22938.8 12.7821
23077 12.7925
23215.2 12.8038
23353.4 12.8158
23491.6 12.8287
23629.8 12.8423
23768 12.8568
23906.1 12.8722
24044.3 12.8883
24182.5 12.9054
24320.7 12.9232
24458.9 12.942
24597.1 12.9615
24735.3 12.9819
24873.4 13.0031
25011.6 13.0252
25149.8 13.0481
25288 13.0718
25426.2 13.0962
25564.4 13.1215
25702.6 13.1475
25840.7 13.1743
25978.9 13.2018
26117.1 13.2299
26255.3 13.2588
26393.5 13.2884
26531.7 13.3186
26669.9 13.3493
26808 13.3807
26946.2 13.4127
27084.4 13.4451
27222.6 13.4781
27360.8 13.5115
27499 13.5453
27637.2 13.5796
27775.3 13.6142
27913.5 13.6491
28051.7 13.6843
28189.9 13.7198
28328.1 13.7554
28466.3 13.7913
28604.5 13.8273
28742.6 13.8633
28880.8 13.8995
29019 13.9356
29157.2 13.9717
29295.4 14.0077
29433.6 14.0436
29571.8 14.0793
29709.9 14.1149
29848.1 14.1502
29986.3 14.1851
30124.5 14.2198
30262.7 14.2541
30400.9 14.2879
30539.1 14.3213
30677.2 14.3542
30815.4 14.3865
30953.6 14.4183
31091.8 14.4494
31230 14.4798
31368.2 14.5095
31506.4 14.5385
31644.5 14.5666
31782.7 14.5939
31920.9 14.6204
32059.1 14.6459
32197.3 14.6705
32335.5 14.6941
32473.7 14.7167
32611.8 14.7382
32750 14.7587
32888.2 14.778
33026.4 14.7962
33164.6 14.8132
33302.8 14.8291
33441 14.8436
33579.2 14.857
33717.3 14.8691
33855.5 14.8799
33993.7 14.8893
34131.9 14.8975
34270.1 14.9043
34408.3 14.9097
34546.5 14.9137
34684.6 14.9164
34822.8 14.9177
34961 14.9175
35099.2 14.916
35237.4 14.913
35375.6 14.9087
35513.8 14.9029
35651.9 14.8957
35790.1 14.8871
35928.3 14.8771
36066.5 14.8657
36204.7 14.853
36342.9 14.8388
36481.1 14.8233
36619.2 14.8065
36757.4 14.7884
36895.6 14.7689
37033.8 14.7482
37172 14.7263
37310.2 14.7031
37448.4 14.6787
37586.5 14.6532
37724.7 14.6265
37862.9 14.5988
38001.1 14.57
38139.3 14.5403
38277.5 14.5095
38415.7 14.4779
38553.8 14.4453
38692 14.412
38830.2 14.3779
38968.4 14.343
39106.6 14.3075
39244.8 14.2714
39383 14.2348
39521.1 14.1977
39659.3 14.1601
39797.5 14.1222
39935.7 14.084
40073.9 14.0456
40212.1 14.007
40350.3 13.9684
40488.4 13.9297
40626.6 13.8911
40764.8 13.8527
40903 13.8144
41041.2 13.7765
41179.4 13.7389
41317.6 13.7018
41455.7 13.6653
41593.9 13.6293
41732.1 13.5941
41870.3 13.5596
42008.5 13.5261
42146.7 13.4934
42284.9 13.4619
42423 13.4314
42561.2 13.4022
42699.4 13.3743
42837.6 13.3478
42975.8 13.3228
43114 13.2993
43252.2 13.2775
43390.3 13.2574
43528.5 13.2392
43666.7 13.2229
43804.9 13.2086
43943.1 13.1964
44081.3 13.1864
44219.5 13.1786
44357.6 13.1732
44495.8 13.1702
44634 13.1697
44772.2 13.1718
44910.4 13.1765
45048.6 13.184
45186.8 13.1943
45324.9 13.2075
45463.1 13.2236
45601.3 13.2428
45739.5 13.265
45877.7 13.2904
46015.9 13.3191
46154.1 13.3509
46292.2 13.3861
46430.4 13.4247
46568.6 13.4667
46706.8 13.5122
46845 13.5612
46983.2 13.6138
47121.4 13.6699
47259.5 13.7297
47397.7 13.7932
47535.9 13.8603
47674.1 13.9311
47812.3 14.0056
47950.5 14.0839
48088.7 14.1659
48226.8 14.2516
48365 14.3411
48503.2 14.4343
48641.4 14.5312
48779.6 14.6319
48917.8 14.7362
49056 14.8441
49194.1 14.9557
49332.3 15.0709
49470.5 15.1896
49608.7 15.3118
49746.9 15.4375
49885.1 15.5665
50023.3 15.6988
50161.4 15.8344
50299.6 15.9731
50437.8 16.1149
50576 16.2597
50714.2 16.4074
50852.4 16.5578
50990.6 16.7109
51128.7 16.8666
51266.9 17.0247
51405.1 17.1852
51543.3 17.3478
51681.5 17.5124
51819.7 17.6789
51957.9 17.8471
52096 18.0168
52234.2 18.188
52372.4 18.3604
52510.6 18.5338
52648.8 18.708
52787 18.8829
52925.2 19.0582
53063.3 19.2338
53201.5 19.4094
53339.7 19.5848
53477.9 19.7598
53616.1 19.9341
53754.3 20.1075
53892.5 20.2798
54030.6 20.4507
54168.8 20.6199
54307 20.7873
54445.2 20.9525
54583.4 21.1152
54721.6 21.2752
54859.8 21.4322
54997.9 21.5859
55136.1 21.7361
55274.3 21.8824
55412.5 22.0245
55550.7 22.1621
55688.9 22.295
55827.1 22.4229
55965.3 22.5453
56103.4 22.662
56241.6 22.7728
56379.8 22.8772
56518 22.975
56656.2 23.0659
56794.4 23.1495
56932.6 23.2255
57070.7 23.2937
57208.9 23.3536
57347.1 23.405
57485.3 23.4477
57623.5 23.4812
57761.7 23.5053
57899.9 23.5196
58038 23.524
58176.2 23.5181
58314.4 23.5015
58452.6 23.4742
58590.8 23.4357
58729 23.3859
58867.2 23.3244
59005.3 23.2511
59143.5 23.1657
59281.7 23.068
59419.9 22.9578
59558.1 22.8349
59696.3 22.6991
59834.5 22.5503
59972.6 22.3884
60110.8 22.2131
60249 22.0244
60387.2 21.8222
60525.4 21.6065
60663.6 21.3772
60801.8 21.1342
60939.9 20.8776
61078.1 20.6074
61216.3 20.3236
61354.5 20.0264
61492.7 19.7158
61630.9 19.392
61769.1 19.0552
61907.2 18.7055
62045.4 18.3432
62183.6 17.9687
62321.8 17.5821
62460 17.184
62598.2 16.7746
62736.4 16.3544
62874.5 15.924
63012.7 15.4838
63150.9 15.0344
63289.1 14.5765
63427.3 14.1108
63565.5 13.638
63703.7 13.159
63841.8 12.6745
63980 12.1855
64118.2 11.693
64256.4 11.1981
64394.6 10.7019
64532.8 10.2055
64671 9.71021
64809.1 9.21741
64947.3 8.7285
65085.5 8.24497
65223.7 7.7684
65361.9 7.30046
65500.1 6.84291
65638.3 6.39758
65776.4 5.96642
65914.6 5.55147
66052.8 5.15486
66191 4.77883
66329.2 4.42572
66467.4 4.098
66605.6 3.79822
66743.7 3.52907
66881.9 3.29334
67020.1 3.09397
67158.3 2.934
67296.5 2.8166
67434.7 2.7451
67572.9 2.72293
67711 2.7537
67849.2 2.84112
67987.4 2.98908
68125.6 3.20162
68263.8 3.48292
68402 3.83733
68540.2 4.26937
68678.3 4.78372
68816.5 5.38523
68954.7 6.07894
69092.9 6.87007
69231.1 7.76402
69369.3 8.76638
69507.5 9.88294
69645.6 11.1197
69783.8 12.4828
69922 13.9788
70060.2 15.6142
70198.4 17.3958
70336.6 19.3308
70474.8 21.4264
70612.9 23.6902
