0 522
61.31627502619161 522.3860473632812
122.63255005238322 522.8729858398438
183.94882507857483 523.4445190429688
245.26510010476645 524.537109375
306.58137513095807 526.3253784179688
367.89765015714966 529.782958984375
429.2139251833413 532.1253662109375
490.5302002095329 532.54443359375
551.8464752357245 530.0477294921875
613.1627502619161 527.1196899414062
674.4790252881078 524.7867431640625
735.7953003142993 522.71923828125
797.111575340491 521.8428955078125
858.4278503666826 521
919.7441253928741 521
981.0604004190658 521
1042.3766754452574 522.486572265625
1103.692950471449 524.843994140625
1165.0092254976407 527.1953735351562
1226.3255005238323 529.0188598632812
1287.6417755500238 529.5381469726562
1348.9580505762156 528.3949584960938
1410.274325602407 524.7550048828125
1471.5906006285986 522.4678344726562
1532.9068756547904 521.3268432617188
1594.223150680982 520.4505004882812
1655.5394257071735 520
1716.8557007333652 520.3021850585938
1778.1719757595567 521.5355834960938
1839.4882507857483 524.0005493164062
1900.80452581194 524.2599487304688
1962.1208008381316 522.9329833984375
2023.437075864323 521.4493408203125
2084.753350890515 520.4828491210938
2146.0696259167066 519.8961181640625
2207.385900942898 519.4280395507812
2268.7021759690897 518.7206420898438
2330.0184509952815 520.1241455078125
2391.3347260214728 519.7571411132812
2452.6510010476645 519.154296875
2513.9672760738563 518.3157958984375
2575.2835511000476 518.4255981445312
2636.5998261262393 520.6914672851562
2697.916101152431 524.4602661132812
2759.2323761786224 527.9685668945312
2820.548651204814 529.9208984375
2881.864926231006 529.6203002929688
2943.1812012571972 526.5956420898438
3004.497476283389 523.8825073242188
3065.8137513095808 521.9490966796875
3127.130026335772 521.7880249023438
3188.446301361964 522.3085327148438
3249.7625763881556 521.7886352539062
3311.078851414347 520.9122924804688
3372.3951264405387 520.035888671875
3433.7114014667304 520.8405151367188
3495.0276764929217 523.248291015625
3556.3439515191135 526.6437377929688
3617.6602265453052 529.8140258789062
3678.9765015714966 531.0066528320312
3740.2927765976883 529.2600708007812
3801.60905162388 526.5306396484375
3862.9253266500714 524.0728149414062
3924.241601676263 523.2139892578125
3985.557876702455 522.4834594726562
4046.874151728646 522.9503784179688
4108.190426754838 524.4420166015625
4169.50670178103 525.8343505859375
4230.8229768072215 526.4982299804688
4292.139251833413 526.656982421875
4353.455526859604 526.0309448242188
4414.771801885796 525.4208374023438
4476.088076911988 525.0460205078125
4537.404351938179 524.6474609375
4598.720626964371 524.11962890625
4660.036901990563 524.2869873046875
4721.353177016754 525.4207763671875
4782.6694520429455 526.0414428710938
4843.985727069137 526
4905.302002095329 526.675537109375
4966.618277121521 528.1396484375
5027.934552147713 528.5090942382812
5089.250827173903 527.9229736328125
5150.567102200095 527.0014038085938
5211.883377226287 525.5625
5273.199652252479 523.8672485351562
5334.5159272786705 522.9984741210938
5395.832202304862 522.7325439453125
5457.148477331053 522.8961791992188
5518.464752357245 522.361572265625
5579.781027383437 522.3038330078125
5641.097302409628 522.3843994140625
5702.41357743582 522.0863647460938
5763.729852462012 522.1442260742188
5825.046127488203 522.9793701171875
5886.3624025143945 522.1029052734375
5947.678677540586 522.37841796875
6008.994952566778 523.235595703125
6070.31122759297 523.9677124023438
6131.6275026191615 524.5059814453125
6192.943777645352 525.4972534179688
6254.260052671544 526.7913208007812
6315.576327697736 527.3450317382812
6376.892602723928 526.5994262695312
6438.208877750119 525.3040771484375
6499.525152776311 524.3384399414062
6560.841427802502 524.459228515625
6622.157702828694 525.62890625
6683.473977854886 528.1273803710938
6744.790252881077 524.4148559570312
6806.106527907269 521.8414306640625
6867.422802933461 521.02880859375
6928.739077959652 521.1083984375
6990.0553529858435 521.5626220703125
7051.371628012035 521.8230590820312
7112.687903038227 521.9662475585938
7174.004178064419 521.5693969726562
7235.3204530906105 521.2366943359375
7296.636728116801 520.853759765625
7357.953003142993 520.5350341796875
7419.269278169185 520.1093139648438
7480.585553195377 519.8433227539062
7541.901828221568 519.76708984375
7603.21810324776 521.3682250976562
7664.534378273951 528.45361328125
7725.850653300143 525.7237548828125
7787.1669283263345 525.4310913085938
7848.483203352526 525.0269165039062
7909.799478378718 525.6226196289062
7971.11575340491 527.1283569335938
8032.432028431102 532.6502685546875
8093.748303457292 531.6345825195312
8155.064578483484 528.0455932617188
8216.380853509676 526.1435546875
8277.697128535867 525.0790405273438
8339.01340356206 525.7398071289062
8400.32967858825 523.9160766601562
8461.645953614443 524.7047119140625
8522.962228640634 524.839599609375
8584.278503666827 531.2685546875
8645.594778693017 537.5841674804688
8706.911053719208 535.50732421875
8768.2273287454 531.7123413085938
8829.543603771592 528.4359741210938
8890.859878797784 526.2685546875
8952.176153823975 524.9423828125
9013.492428850166 523.8087158203125
9074.808703876359 522.7728271484375
9136.12497890255 522.0917358398438
9197.441253928742 521.5509643554688
9258.757528954933 521.0645751953125
9320.073803981126 520.8509521484375
9381.390079007317 520.3944702148438
9442.706354033508 520.0289916992188
9504.0226290597 519.7669067382812
9565.338904085891 519.510986328125
9626.655179112084 519.3294677734375
9687.971454138275 519.3154296875
9749.287729164465 519.3260498046875
9810.604004190658 519.13916015625
9871.920279216849 519.172119140625
9933.236554243042 520.3551635742188
9994.552829269232 519.2548828125
10055.869104295425 519.2919921875
10117.185379321616 519.3888549804688
10178.501654347807 518.7735595703125
10239.817929374 519.2420043945312
10301.13420440019 519.2369384765625
10362.450479426383 519.564208984375
10423.766754452574 519.4954223632812
10485.083029478765 520.27880859375
10546.399304504957 519.8816528320312
10607.715579531148 519.9979248046875
10669.031854557341 521.0838012695312
10730.348129583532 520.18212890625
10791.664404609724 520.0604248046875
10852.980679635915 520.1123046875
10914.296954662106 520.3611450195312
10975.613229688299 520.7955932617188
11036.92950471449 520.6004638671875
11098.245779740682 520.8804931640625
11159.562054766873 520.7141723632812
11220.878329793064 521.06494140625
11282.194604819257 521.0555419921875
11343.510879845448 521.1900024414062
11404.82715487164 521.2463989257812
11466.143429897831 521.3069458007812
11527.459704924024 521.2857055664062
11588.775979950215 521.2144165039062
11650.092254976405 521.1149291992188
11711.408530002598 521.1425170898438
11772.724805028789 521.116943359375
11834.041080054982 521.06640625
11895.357355081172 521.1155395507812
11956.673630107365 521.3350219726562
12017.989905133556 521.0233764648438
12079.306180159747 521.02587890625
12140.62245518594 520.9490356445312
12201.93873021213 521.1342163085938
12263.255005238323 521.0060424804688
12324.571280264514 520.9576416015625
12385.887555290705 521.2166748046875
12447.203830316897 521.5454711914062
12508.520105343088 521.7571411132812
12569.836380369281 521.7288818359375
12631.152655395472 521.56201171875
12692.468930421664 521.2667236328125
12753.785205447855 521.141357421875
12815.101480474046 521.7642822265625
12876.417755500239 521.4439086914062
12937.73403052643 521.6103515625
12999.050305552622 521.64208984375
13060.366580578813 521.4933471679688
13121.682855605004 521.3861083984375
13182.999130631197 521.41552734375
13244.315405657388 521.4536743164062
13305.63168068358 521.51904296875
13366.947955709771 521.3133544921875
13428.264230735964 521.3291015625
13489.580505762155 521.271728515625
13550.896780788345 521.515380859375
13612.213055814538 521.4656982421875
13673.529330840729 521.2748413085938
13734.845605866922 521.1907958984375
13796.161880893113 521.1483764648438
13857.478155919303 520.8856811523438
13918.794430945496 520.660888671875
13980.110705971687 520.4895629882812
14041.42698099788 520.4833984375
14102.74325602407 520.4194946289062
14164.059531050263 520.2587280273438
14225.375806076454 519.6815185546875
14286.692081102645 519.185791015625
14348.008356128837 518.7322998046875
14409.324631155028 518.4086303710938
14470.640906181221 517.9708251953125
14531.957181207412 517.5872192382812
14593.273456233603 517.32470703125
14654.589731259795 517.1373291015625
14715.906006285986 517.088134765625
14777.222281312179 517.5335693359375
14838.53855633837 517.4846801757812
14899.854831364562 517.6620483398438
14961.171106390753 517.6966552734375
15022.487381416944 517.8446044921875
15083.803656443137 517.7191162109375
15145.119931469328 517.3919677734375
15206.43620649552 517.4030151367188
15267.752481521711 517.296875
15329.068756547902 517.5563354492188
15390.385031574095 517.4963989257812
15451.701306600286 517.4524536132812
15513.017581626478 517.4607543945312
15574.333856652669 517.1830444335938
15635.650131678862 517.1454467773438
15696.966406705053 517.1343994140625
15758.282681731243 517.21142578125
15819.598956757436 517.4742431640625
15880.915231783627 517.551513671875
15942.23150680982 517.7272338867188
16003.54778183601 517.5111083984375
16064.864056862203 517.57275390625
16126.180331888394 517.6507568359375
16187.496606914585 517.454833984375
16248.812881940778 517.6880493164062
16310.129156966968 517.8248901367188
16371.445431993161 517.856201171875
16432.761707019352 517.7745361328125
16494.077982045543 517.9620361328125
16555.394257071734 518.6153564453125
16616.710532097928 519.3582763671875
16678.02680712412 520.5274658203125
16739.34308215031 522.6605834960938
16800.6593571765 521.4933471679688
16861.97563220269 516.258544921875
16923.291907228886 515.6864624023438
16984.608182255077 515.5916748046875
17045.924457281268 515.67431640625
17107.24073230746 515.547119140625
17168.557007333653 515.849609375
17229.873282359844 516.0765991210938
17291.189557386035 516.5518188476562
17352.505832412226 517.0527954101562
17413.822107438416 517.8224487304688
17475.13838246461 518.745361328125
17536.4546574908 520.2180786132812
17597.770932516993 522.4735107421875
17659.087207543183 523.3821411132812
17720.403482569374 515.8714599609375
17781.71975759557 515.0101318359375
17843.03603262176 514.787353515625
17904.35230764795 514.734619140625
17965.66858267414 514.7345581054688
18026.984857700332 514.9068603515625
18088.301132726527 514.9087524414062
18149.617407752718 514.6080322265625
18210.93368277891 514.4212646484375
18272.2499578051 514.4323120117188
18333.56623283129 514.4688720703125
18394.882507857485 514.8582153320312
18456.198782883675 515.6414794921875
18517.515057909866 516.2008056640625
18578.831332936057 516.0211791992188
18640.14760796225 515.662109375
18701.463882988442 515.5477294921875
18762.780158014633 517.4448852539062
18824.096433040824 519.0132446289062
18885.412708067015 520.2530517578125
18946.72898309321 520.2496337890625
19008.0452581194 518.43798828125
19069.36153314559 516.264892578125
19130.677808171782 515.0219116210938
19191.994083197973 515
19253.310358224167 515
19314.62663325036 514.836669921875
19375.94290827655 514.3447265625
19437.25918330274 514.147216796875
19498.57545832893 514.925048828125
19559.891733355125 516.1195678710938
19621.208008381316 515.9318237304688
19682.524283407507 516.7874145507812
19743.840558433698 518.423095703125
19805.156833459892 521.1365966796875
19866.473108486083 520.9078369140625
19927.789383512274 519.4046630859375
19989.105658538465 517.8009643554688
20050.421933564656 516.2243041992188
20111.73820859085 514.5140991210938
20173.05448361704 512.9503173828125
20234.370758643232 512.8464965820312
20295.687033669423 513.4194946289062
20357.003308695614 513.8779907226562
20418.319583721808 513.1871948242188
20479.635858748 513.2412109375
20540.95213377419 513.2291870117188
20602.26840880038 513.4716186523438
20663.58468382657 514.2745971679688
20724.900958852766 515.5133056640625
20786.217233878957 516.0686645507812
20847.533508905148 515.9375
20908.84978393134 515.0717163085938
20970.16605895753 514.1739501953125
21031.482333983724 513.9213256835938
21092.798609009915 514.8673095703125
21154.114884036106 514.8034057617188
21215.431159062297 514.0426025390625
21276.74743408849 514.5977172851562
21338.063709114682 515.615966796875
21399.379984140873 515.9928588867188
21460.696259167064 515.9111938476562
21522.012534193254 516.4105224609375
21583.32880921945 517.819580078125
21644.64508424564 519.731689453125
21705.96135927183 520.7506713867188
21767.27763429802 520.0368041992188
21828.593909324212 519.3397216796875
21889.910184350407 519.8257446289062
21951.226459376598 520
22012.54273440279 519.927490234375
22073.85900942898 518.90625
22135.17528445517 518.7005615234375
22196.491559481365 519.5577392578125
22257.807834507556 522.5186767578125
22319.124109533746 523
22380.440384559937 522.087646484375
22441.756659586128 519.7150268554688
22503.072934612323 516.2380981445312
22564.389209638513 514.5553588867188
22625.705484664704 513.6776733398438
22687.021759690895 513.4058837890625
22748.33803471709 513.3438110351562
22809.65430974328 513.412353515625
22870.97058476947 514.3964233398438
22932.286859795662 516.2036743164062
22993.603134821853 516.6458129882812
23054.919409848048 516.93359375
23116.23568487424 515.0457153320312
23177.55195990043 514.3457641601562
23238.86823492662 514.9104614257812
23300.18450995281 514.27978515625
23361.500784979005 514.9788818359375
23422.817060005196 516.8696899414062
23484.133335031387 519.7506103515625
23545.449610057578 521.3715209960938
23606.76588508377 523.0881958007812
23668.082160109963 523.8917236328125
23729.398435136154 522.487060546875
23790.714710162345 522.3433227539062
23852.030985188536 521.7883911132812
23913.34726021473 520.927978515625
23974.66353524092 519.9415283203125
24035.979810267112 519.9524536132812
24097.296085293303 519.4603881835938
24158.612360319494 517.5807495117188
24219.92863534569 515.952392578125
24281.24491037188 515.0602416992188
24342.56118539807 514.8756103515625
24403.87746042426 514
24465.19373545045 514.1842651367188
24526.510010476646 514.8865356445312
24587.826285502837 513.9347534179688
24649.142560529028 513.3042602539062
24710.45883555522 513.2435913085938
24771.77511058141 513
24833.091385607604 512.8895874023438
24894.407660633795 512.2804565429688
24955.723935659986 512.8096923828125
25017.040210686177 513.5526733398438
25078.356485712367 514.2283325195312
25139.672760738562 514.7490844726562
25200.989035764753 514.528564453125
25262.305310790944 513.7697143554688
25323.621585817134 513.0156860351562
25384.93786084333 513.0309448242188
25446.25413586952 513.4072265625
25507.57041089571 513.2464599609375
25568.8866859219 512.9965209960938
25630.202960948092 512.7335815429688
25691.519235974287 512.4771728515625
25752.835511000478 512.2207641601562
25814.15178602667 511.5547180175781
25875.46806105286 511.056640625
25936.78433607905 511.5281982421875
25998.100611105245 511.3583984375
26059.416886131436 511.5933532714844
26120.733161157626 512.9058227539062
26182.049436183817 514.1422119140625
26243.365711210008 514.1263427734375
26304.681986236203 514.7014770507812
26365.998261262393 514.8768920898438
26427.314536288584 513.81396484375
26488.630811314775 512.3565673828125
26549.947086340966 512.038818359375
26611.26336136716 511.7324829101562
26672.57963639335 511.5045166015625
26733.895911419542 511.0334167480469
26795.212186445733 512.4995727539062
26856.528461471928 513.6062622070312
26917.84473649812 514.049560546875
26979.16101152431 515.03515625
27040.4772865505 515.481201171875
27101.79356157669 515.4027709960938
27163.109836602885 516.026123046875
27224.426111629076 517.8648071289062
27285.742386655267 517.7676391601562
27347.058661681458 516.2474975585938
27408.37493670765 515.128173828125
27469.691211733843 514.1184692382812
27531.007486760034 513.3741455078125
27592.323761786225 511.8150634765625
27653.640036812416 510.0475463867188
27714.956311838607 508.5741882324219
27776.2725868648 509.9621887207031
27837.588861890992 509.1930236816406
27898.905136917183 508.5666198730469
27960.221411943374 508.3538208007812
28021.53768696957 509.3255004882812
28082.85396199576 510.4422302246094
28144.17023702195 511.9853210449219
28205.48651204814 513.6098022460938
28266.80278707433 515.3536987304688
28328.119062100526 516.4947509765625
28389.435337126717 516.0711059570312
28450.751612152908 514.1019287109375
28512.0678871791 512.666748046875
28573.38416220529 513.4085693359375
28634.700437231484 512.9254150390625
28696.016712257675 511.9278564453125
28757.332987283866 511.0750427246094
28818.649262310057 510.6390686035156
28879.965537336248 510.3579406738281
28941.281812362442 509.99755859375
29002.598087388633 510.4595031738281
29063.914362414824 511.5897827148438
29125.230637441015 511.5845947265625
29186.546912467205 510.7062683105469
29247.8631874934 509.9632568359375
29309.17946251959 509.0205993652344
29370.49573754578 508.7621154785156
29431.812012571972 509.8153381347656
29493.128287598167 511.3507080078125
29554.444562624358 512.8235473632812
29615.76083765055 513.9203491210938
29677.07711267674 512.85546875
29738.39338770293 512.9899291992188
29799.709662729125 513
29861.025937755316 512.0814819335938
29922.342212781507 510.5155029296875
29983.658487807697 507.6986999511719
30044.97476283389 506.7188720703125
30106.291037860083 507.0819091796875
30167.607312886274 507.0561218261719
30228.923587912464 505.8293151855469
30290.239862938655 505.3454895019531
30351.556137964846 504.6602172851562
30412.87241299104 504.7586059570312
30474.18868801723 504.4209594726562
30535.504963043422 504.13671875
30596.821238069613 504.571533203125
30658.137513095804 504.9656372070312
30719.453788122 505.7569580078125
30780.77006314819 507.3881530761719
30842.08633817438 509.6707153320312
30903.40261320057 511.9536743164062
30964.718888226766 511.2489624023438
31026.035163252956 509.7864379882812
31087.351438279147 508.4774780273438
31148.667713305338 508.1423950195312
31209.98398833153 507.6217651367188
31271.300263357723 507.0462951660156
31332.616538383914 505.2762451171875