0 60.80005645751953
76.17486058610534 59.90783309936523
152.34972117221068 59.57021331787109
228.524581758316 61.83186340332031
304.69944234442136 61.09323501586914
380.8743029305267 60.27335357666016
457.049163516632 60.08934020996094
533.2240241027374 60
609.3988846888427 60.58963012695312
685.573745274948 61.09159088134766
761.7486058610534 61.71508026123047
837.9234664471587 59.71822357177734
914.098327033264 58.73499298095703
990.2731876193694 58.97121810913086
1066.4480482054748 59.32383346557617
1142.6229087915801 58.76305389404297
1218.7977693776854 58.02316665649414
1294.9726299637907 58.05841064453125
1371.147490549896 57.66361999511719
1447.3223511360015 58.3997688293457
1523.4972117221068 58.22463989257812
1599.6720723082121 57.06685638427734
1675.8469328943174 56.01704406738281
1752.0217934804227 56.72306823730469
1828.196654066528 58.31953048706055
1904.3715146526336 59.8421630859375
1980.5463752387388 59.25833511352539
2056.7212358248444 58.75160980224609
2132.8960964109497 58.05708312988281
2209.070956997055 58.27193069458008
2285.2458175831603 58.40372467041016
2361.4206781692656 58.75104522705078
2437.595538755371 58.79413604736328
2513.770399341476 58.91896057128906
2589.9452599275814 58.10896301269531
2666.1201205136867 59.66263580322266
2742.294981099792 58.75783538818359
2818.4698416858973 57.6746826171875
2894.644702272003 57.79011154174805
2970.8195628581084 58.46338653564453
3046.9944234442137 59.55758666992188
3123.169284030319 60.48326110839844
3199.3441446164243 60.49100494384766
3275.5190052025296 59.88343811035156
3351.693865788635 59.86617279052734
3427.86872637474 59.96911239624023
3504.0435869608455 59.17619705200195
3580.2184475469508 59.31735992431641
3656.393308133056 59.84112167358398
3732.568168719162 60.08365631103516
3808.743029305267 60
3884.9178898913724 60.1760368347168
3961.0927504774777 60.72164154052734
4037.267611063583 62.25395202636719
4113.442471649689 59.43801498413086
4189.617332235794 58.98371505737305
4265.792192821899 57.17192077636719
4341.967053408004 58.50624084472656
4418.14191399411 58.88491058349609
4494.316774580215 57.44025039672852
4570.4916351663205 57.61914825439453
4646.666495752425 57.32198333740234
4722.841356338531 57.36544799804688
4799.016216924636 58.2556266784668
4875.191077510742 59
4951.3659380968475 58.86703109741211
5027.540798682952 58.31610870361328
5103.715659269058 61.34803771972656
5179.890519855163 61.41218948364258
5256.065380441269 59.86947631835938
5332.2402410273735 60.66532897949219
5408.415101613479 61.4932975769043
5484.589962199584 60.73093414306641
5560.76482278569 60.53674697875977
5636.939683371795 58.94411849975586
5713.1145439579 57.16146087646484
5789.289404544006 58.42319869995117
5865.464265130111 58.09881210327148
5941.639125716217 60.77882385253906
6017.813986302322 61.70599365234375
6093.988846888427 60.34123229980469
6170.163707474532 59.851318359375
6246.338568060638 59.74568557739258
6322.513428646743 58.32838821411133
6398.688289232849 57.9703483581543
6474.863149818953 59.88508605957031
6551.038010405059 59.80194854736328
6627.212870991165 58.22384262084961
6703.38773157727 58.44824981689453
6779.5625921633755 59.83709335327148
6855.73745274948 60.14825820922852
6931.912313335586 60.17426681518555
7008.087173921691 58.94256210327148
7084.262034507797 58.73138809204102
7160.4368950939015 58.83169174194336
7236.611755680007 58.58361053466797
7312.786616266112 59.35273361206055
7388.961476852218 59.99928665161133
7465.136337438324 59.0286979675293
7541.311198024428 58.12234878540039
7617.486058610534 58.93566131591797
7693.660919196639 59.80254364013672
7769.835779782745 58.610107421875
7846.01064036885 58.77315521240234
7922.185500954955 59.21639251708984
7998.36036154106 60.17038726806641
8074.535222127166 60.84720993041992
8150.710082713272 58.57523345947266
8226.884943299377 55.23674774169922
8303.059803885482 55.76796340942383
8379.234664471587 57.09117889404297
8455.409525057692 58.41904830932617
8531.584385643799 58.26446533203125
8607.759246229904 58.29474258422852
8683.934106816008 58.52832794189453
8760.108967402113 59
8836.28382798822 58.71274948120117
8912.458688574325 58.00685501098633
8988.63354916043 58
9064.808409746536 58.3104362487793
9140.983270332641 58.98333740234375
9217.158130918746 58.7437629699707
9293.33299150485 57.67087936401367
9369.507852090957 58.26853561401367
9445.682712677062 59.49936294555664
9521.857573263167 59.84472274780273
9598.032433849272 58.99271392822266
9674.207294435379 58.40703964233398
9750.382155021483 58.95005035400391
9826.557015607588 57.78106689453125
9902.731876193695 56.01163482666016
9978.9067367798 56.38491439819336
10055.081597365905 57.01194381713867
10131.25645795201 57
10207.431318538116 57.60662078857422
10283.606179124221 57.81037139892578
10359.781039710326 56.81652069091797
10435.95590029643 56.76820755004883
10512.130760882537 55.78851699829102
10588.305621468642 55.90791320800781
10664.480482054747 56.58043670654297
10740.655342640854 56.95396423339844
10816.830203226958 57.67650604248047
10893.005063813063 56.35821533203125
10969.179924399168 56.89155578613281
11045.354784985275 57.33679580688477
11121.52964557138 56.98896789550781
11197.704506157485 57.33577728271484
11273.87936674359 57.17739105224609
11350.054227329696 56.89661407470703
11426.2290879158 56.24485778808594
11502.403948501906 56.14019775390625
11578.578809088012 55.07059097290039
11654.753669674117 56.54729080200195
11730.928530260222 56.8841438293457
11807.103390846327 58.07295227050781
11883.278251432434 59.53410720825195
11959.453112018538 59.24538040161133
12035.627972604643 58.83301544189453
12111.802833190748 58.50577545166016
12187.977693776855 58.26562118530273
12264.15255436296 59.37951278686523
12340.327414949064 58.00089645385742
12416.502275535171 57.25050735473633
12492.677136121276 57
12568.85199670738 58.23811340332031
12645.026857293486 59.27887344360352
12721.201717879592 59
12797.376578465697 58.68084335327148
12873.551439051802 58.28771209716797
12949.726299637907 58.7078857421875
13025.901160224013 57.92184066772461
13102.076020810118 54.20443725585938
13178.250881396223 55.34315490722656
13254.42574198233 55.95664978027344
13330.600602568435 57.58257293701172
13406.77546315454 58.23871994018555
13482.950323740644 57.93010711669922
13559.125184326751 57.00338363647461
13635.300044912856 56.86395645141602
13711.47490549896 57.2346076965332
13787.649766085065 56.98367309570312
13863.824626671172 57
13939.999487257277 56.98207473754883
14016.174347843382 56.08298873901367
14092.349208429488 57.45840835571289
14168.524069015593 57.38635635375977
14244.698929601698 56.98167419433594
14320.873790187803 57.42693710327148
14397.04865077391 58
14473.223511360015 57.97015380859375
14549.39837194612 57.17513656616211
14625.573232532224 56.78547286987305
14701.74809311833 56.18465042114258
14777.922953704436 57.50740051269531
14854.09781429054 58.45889282226562
14930.272674876647 56.58980560302734
15006.447535462752 55.57547378540039
15082.622396048857 55.35899353027344
15158.797256634962 55.01688003540039
15234.972117221068 55.70542526245117
15311.146977807173 55.68973159790039
15387.321838393278 55.89673233032227
15463.496698979385 55.55519866943359
15539.67155956549 51.32080078125
15615.846420151594 49.38323593139648
15692.0212807377 53.11247253417969
15768.196141323806 54.72742462158203
15844.37100190991 54
15920.545862496016 54.64082336425781
15996.72072308212 55.49757385253906
16072.895583668227 55.30504989624023
16149.070444254332 56.28068923950195
16225.245304840437 57.54196548461914
16301.420165426543 58.57010269165039
16377.595026012648 57.2057991027832
16453.769886598755 57
16529.944747184858 55.63904190063477
16606.119607770965 56.00055313110352
16682.294468357068 58.86162948608398
16758.469328943174 60.40698623657227
16834.64418952928 58.99007797241211
16910.819050115384 59.08301544189453
16986.99391070149 58.86465072631836
17063.168771287597 57.04524993896484
17139.3436318737 56.38831329345703
17215.518492459807 56.05023956298828
17291.693353045914 56.04254913330078
17367.868213632017 57.21425247192383
17444.043074218123 57.07630920410156
17520.217934804226 55.04209899902344
17596.392795390333 56.97578430175781
17672.56765597644 56.31896591186523
17748.742516562543 54.58489608764648
17824.91737714865 55.10711669921875
17901.092237734756 56.41598892211914
17977.26709832086 57.54236602783203
18053.441958906966 54.33979415893555
18129.616819493072 55.70722961425781
18205.791680079175 56.10394668579102
18281.966540665282 55.06691360473633
18358.141401251385 55
18434.31626183749 56.75921249389648
18510.4911224236 57.28578186035156
18586.6659830097 55.56465148925781
18662.840843595808 54.13644027709961
18739.015704181915 55.86260604858398
18815.190564768018 55.34932708740234
18891.365425354124 55.20846939086914
18967.54028594023 60.01957702636719
19043.715146526334 60.08231353759766
19119.89000711244 58.33209991455078
19196.064867698544 56.24430847167969
19272.23972828465 56.18278884887695
19348.414588870757 55.67541122436523
19424.58944945686 54.9859504699707
19500.764310042967 54.78804016113281
19576.939170629073 55.06066513061523
19653.114031215177 54.28104400634766
19729.288891801283 53.00175476074219
19805.46375238739 52.36565399169922
19881.638612973493 57.86103057861328
19957.8134735596 58.02507019042969
20033.988334145703 56.44348907470703
20110.16319473181 57.21055221557617
20186.338055317916 57.23294067382812
20262.51291590402 56.64729309082031
20338.687776490126 55.25823974609375
20414.862637076232 55.30849838256836
20491.037497662335 56.91803359985352
20567.212358248442 57.09908676147461
20643.38721883455 55.64364242553711
20719.56207942065 55.54911041259766
20795.73694000676 56.76345443725586
20871.91180059286 57.19281005859375
20948.086661178968 57.53293609619141
21024.261521765075 57.10175323486328
21100.436382351178 56.26781845092773
21176.611242937284 56.80525970458984
21252.78610352339 57.01646423339844
21328.960964109494 57.68821334838867
21405.1358246956 58.74098205566406
21481.310685281707 58.06884384155273
21557.48554586781 58
21633.660406453917 57.06319427490234
21709.83526704002 55.98501586914062
21786.010127626127 57.44895935058594
21862.184988212233 58.32541656494141
21938.359848798336 58.03610229492188
22014.534709384443 57.26345825195312
22090.70956997055 57.32207489013672
22166.884430556653 55.94479370117188
22243.05929114276 54.35220718383789
22319.234151728866 56.1390266418457
22395.40901231497 55.00706100463867
22471.583872901076 56.39513397216797
22547.75873348718 57.21630477905273
22623.933594073285 59.06734085083008
22700.108454659392 57.89363098144531
22776.283315245495 57.23179626464844
22852.4581758316 56.68115234375
22928.63303641771 55.4764289855957
23004.80789700381 55.62702941894531
23080.982757589918 55.04526519775391
23157.157618176025 56.61992645263672
23233.332478762128 56.81999588012695
23309.507339348234 58.04399490356445
23385.682199934337 57.9369010925293
23461.857060520444 59.05349731445312
23538.03192110655 59.15150833129883
23614.206781692654 57.64578247070312
23690.38164227876 57.31048583984375
23766.556502864867 57.17037200927734
23842.73136345097 57.70392990112305
23918.906224037077 56.56427001953125
23995.081084623183 57.01764297485352
24071.255945209286 56.69845581054688
24147.430805795393 55.4798698425293
24223.605666381496 57.46582794189453
24299.780526967603 56.88520431518555
24375.95538755371 54.353759765625
24452.130248139812 54.6069450378418
24528.30510872592 56.72583770751953
24604.479969312026 58.02524566650391
24680.65482989813 57.62275695800781
24756.829690484235 56.17396926879883
24833.004551070342 55.05343627929688
24909.179411656445 56.11271667480469
24985.35427224255 59.22055053710938
25061.529132828655 58.76138687133789
25137.70399341476 57.36184692382812
25213.878854000868 55.65533065795898
25290.05371458697 57.57179260253906
25366.228575173078 59
25442.403435759185 59
25518.578296345288 58.85553359985352
25594.753156931394 57.03781509399414
25670.9280175175 55.22007751464844
25747.102878103604 55.45014572143555
25823.27773868971 56.51215744018555
25899.452599275814 54.06666564941406
25975.62745986192 51.56704330444336
26051.802320448027 52.94723892211914
26127.97718103413 55.89863586425781
26204.152041620237 57.14154434204102
26280.326902206343 56.95701599121094
26356.501762792446 55.99573135375977
26432.676623378553 55.63093948364258
26508.85148396466 55.20634460449219
26585.026344550763 54.23958969116211
26661.20120513687 54.26437377929688
26737.376065722972 53.27030563354492
26813.55092630908 53.50816345214844
26889.725786895186 56.23429489135742
26965.90064748129 56.68711471557617
27042.075508067395 56.01531600952148
27118.250368653502 55.83951187133789
27194.425229239605 55.32826232910156
27270.60008982571 55.99995422363281
27346.77495041182 55.63325500488281
27422.94981099792 56.61740112304688
27499.124671584028 57.27863311767578
27575.29953217013 55.69773483276367
27651.474392756238 55.33612442016602
27727.649253342344 55.4068717956543
27803.824113928447 54.73389434814453
27879.998974514554 55.59775543212891
27956.17383510066 57.48599243164062
28032.348695686764 55.62763595581055
28108.52355627287 55.40193939208984
28184.698416858977 56
28260.87327744508 56.79782104492188
28337.048138031187 55.68451690673828
28413.22299861729 54.3558235168457
28489.397859203396 55.57719039916992
28565.572719789503 54.98478317260742
28641.747580375606 55.05989837646484
28717.922440961713 55.06005477905273
28794.09730154782 55.07073974609375
28870.272162133922 56.27716445922852
28946.44702272003 57.7739372253418
29022.621883306136 57.10929870605469
29098.79674389224 57.12141799926758
29174.971604478345 57.23046493530273
29251.14646506445 56.20405578613281
29327.321325650555 55.54388809204102
29403.49618623666 55.01695251464844
29479.671046822765 54.31327056884766
29555.84590740887 54.19013214111328
29632.020767994978 55.509521484375
29708.19562858108 55.95120620727539
29784.370489167188 56.83376693725586
29860.545349753294 54.66389465332031
29936.720210339397 54.80356216430664
30012.895070925504 55.05196380615234
30089.06993151161 55
30165.244792097714 55
30241.41965268382 55.24562072753906
30317.594513269923 55.74155044555664
30393.76937385603 57.25815200805664
30469.944234442137 55.65506744384766
30546.11909502824 54.99061965942383
30622.293955614346 55
30698.468816200453 54.52919387817383
30774.643676786556 54.17720413208008
30850.818537372663 55.60717391967773
30926.99339795877 55.28303527832031
31003.168258544873 55.44222259521484
31079.34311913098 57.02996063232422
31155.517979717082 58.16393280029297
31231.69284030319 57.75355911254883
31307.867700889296 56.50725173950195
31384.0425614754 56.81605911254883
31460.217422061505 57.05421447753906
31536.392282647612 56.38763809204102
31612.567143233715 55.13288497924805
31688.74200381982 56.41598510742188
31764.91686440593 55.7392463684082
31841.09172499203 54.86381149291992
31917.266585578138 55.01365280151367
31993.44144616424 54.86978912353516
32069.616306750348 55.67106628417969
32145.791167336454 57.60631942749023
32221.966027922557 53.84774780273438
32298.140888508664 51.658203125
32374.31574909477 55.73122787475586
32450.490609680874 58.98405075073242
32526.66547026698 58.83499526977539
32602.840330853087 59.26508712768555
32679.01519143919 58.38669586181641
32755.190052025297 55.93193054199219
32831.3649126114 54.75933837890625
32907.53977319751 56.28091049194336
32983.71463378361 58.16046142578125
33059.889494369716 58.72351455688477
33136.06435495582 56.97878646850586
33212.23921554193 55.51296997070312
33288.414076128036 56.00949478149414
33364.588936714135 56.33673477172852
33440.76379730024 59.22603988647461
33516.93865788635 61.05520248413086
33593.113518472455 56.51415252685547
33669.28837905856 55.33055877685547
33745.46323964467 57.73422241210938
33821.63810023077 57.55546951293945
33897.812960816875 56.7794303894043
33973.98782140298 54.90352249145508
34050.16268198909 54.94637680053711
34126.337542575195 56.0096435546875
34202.512403161294 55.66598510742188
34278.6872637474 55.07336044311523
34354.86212433351 55
34431.036984919614 55.83968353271484
34507.21184550572 55.55803680419922
34583.38670609183 55.34389495849609
34659.56156667793 55.81864166259766
34735.73642726403 55.69074249267578
34811.91128785014 55.48321533203125
34888.08614843625 56
34964.26100902235 56.70329666137695
35040.43586960845 57.38307952880859
35116.61073019456 56.27276992797852
35192.785590780666 56.58217620849609
35268.96045136677 56.50761795043945
35345.13531195288 55.77969741821289
35421.310172538986 55.89937973022461
35497.485033125085 56.41885757446289
35573.65989371119 56.58954238891602
35649.8347542973 55.82380676269531
35726.009614883405 55.55993270874023
35802.18447546951 55.97148132324219
35878.35933605561 56.77442169189453
35954.53419664172 56.44760894775391
36030.709057227825 56.08501434326172
36106.88391781393 57.78973388671875
36183.05877840004 57.58430480957031
36259.233638986145 56.98866271972656
36335.408499572244 57.58069610595703
36411.58336015835 59.03281402587891
36487.75822074446 61.70622634887695
36563.933081330564 61.00252532958984
36640.10794191667 56.75003814697266
36716.28280250277 56.26458358764648
36792.45766308888 56.98065185546875
36868.63252367498 56.76057052612305
36944.80738426109 57.27814865112305
37020.9822448472 57.9493293762207
37097.1571054333 57.53022766113281
37173.3319660194 57.29167556762695
37249.50682660551 58.13033676147461
37325.681687191616 57.80398941040039
37401.85654777772 57.67733764648438
37478.03140836383 57.06601333618164
37554.20626894993 59.5609245300293
37630.381129536036 58.22059631347656
37706.55599012214 54.77130126953125
37782.73085070825 54.53517913818359
37858.905711294356 55
37935.08057188046 54.64789581298828
38011.25543246656 54.9885368347168
38087.43029305267 54
38163.605153638775 54.08812713623047
38239.78001422488 54.99874877929688
38315.95487481099 59.41282272338867
38392.12973539709 57.9107551574707
38468.304595983194 55.46030426025391
38544.4794565693 54.46379470825195
38620.65431715541 55.50901412963867
38696.829177741514 55.74862670898438
38773.00403832762 55.7586669921875
38849.17889891372 55.44775772094727
38925.35375949983 54.53245162963867
