0 7.589276313781738
138.18580300062115 7.978096485137939
276.3716060012423 8.348743438720703
414.55740900186345 8.142927169799805
552.7432120024846 7.65567684173584
690.9290150031057 9.579462051391602
829.1148180037269 9.595539093017578
967.300621004348 10.99576377868652
1105.4864240049692 10.42187976837158
1243.6722270055902 10.03342628479004
1381.8580300062115 9.817283630371094
1520.0438330068328 10.18843269348145
1658.2296360074538 9.185848236083984
1796.4154390080748 9.405305862426758
1934.601242008696 10.61252975463867
2072.7870450093174 11.05501937866211
2210.9728480099384 10.98154544830322
2349.1586510105594 11.1184606552124
2487.3444540111805 11.58732795715332
2625.530257011802 11.64759635925293
2763.716060012423 12.34346866607666
2901.901863013044 12.57785701751709
3040.0876660136655 15.46067047119141
3178.2734690142865 13.88119602203369
3316.4592720149076 13.19227981567383
3454.6450750155286 11.72843551635742
3592.8308780161497 11.10427951812744
3731.016681016771 10.96712398529053
3869.202484017392 10.81483554840088
4007.388287018013 10.06015300750732
4145.574090018635 10.19259929656982
4283.759893019255 10.16446685791016
4421.945696019877 10.10172557830811
4560.131499020498 8.94678783416748
4698.317302021119 9.268625259399414
4836.50310502174 8.266128540039062
4974.688908022361 8.513115882873535
5112.874711022982 8.668789863586426
5251.060514023604 8.224654197692871
5389.2463170242245 7.749885559082031
5527.432120024846 7.401541233062744
5665.6179230254675 8.46223258972168
5803.803726026088 7.665845394134521
5941.9895290267095 8.189923286437988
6080.175332027331 7.885993957519531
6218.361135027952 8.761487007141113
6356.546938028573 8.158164024353027
6494.732741029194 8.204352378845215
6632.918544029815 7.391399383544922
6771.104347030437 8.614394187927246
6909.290150031057 8.361923217773438
7047.475953031679 7.74799919128418
7185.661756032299 9.340155601501465
7323.847559032921 7.428539276123047
7462.033362033542 7.989115238189697
7600.219165034163 7.866178035736084
7738.404968034784 8.184195518493652
7876.590771035406 8.186595916748047
8014.776574036026 7.898273944854736
8152.962377036648 8.191689491271973
8291.14818003727 8.86746883392334
8429.33398303789 8.739289283752441
8567.51978603851 8.31451416015625
8705.705589039133 7.351694583892822
8843.891392039754 8.578445434570312
8982.077195040374 8.335062980651855
9120.262998040997 8.665249824523926
9258.448801041617 9.589622497558594
9396.634604042238 8.927705764770508
9534.82040704286 10.52288913726807
9673.00621004348 10.4471263885498
9811.192013044101 10.3652925491333
9949.377816044722 11.61099815368652
10087.563619045344 10.38113975524902
10225.749422045965 10.22376537322998
10363.935225046585 10.39647006988525
10502.121028047208 11.17863655090332
10640.306831047828 11.3980073928833
10778.492634048449 11.41555690765381
10916.678437049071 12.1062183380127
11054.864240049692 13.06180763244629
11193.050043050313 13.97123622894287
11331.235846050935 13.35988330841064
11469.421649051556 12.362060546875
11607.607452052176 12.69496250152588
11745.793255052798 12.86205387115479
11883.979058053419 13.06346035003662
12022.16486105404 14.65416049957275
12160.350664054662 15.31557178497314
12298.536467055283 14.99987697601318
12436.722270055903 15.80841636657715
12574.908073056524 16.30915069580078
12713.093876057146 13.81693744659424
12851.279679057767 14.3844747543335
12989.465482058387 14.62067794799805
13127.65128505901 14.39845848083496
13265.83708805963 14.29843235015869
13404.022891060251 14.02695941925049
13542.208694060873 14.02056694030762
13680.394497061494 14.70060634613037
13818.580300062114 14.48877716064453
13956.766103062737 14.81229305267334
14094.951906063357 15.11399078369141
14233.137709063978 13.61711311340332
14371.323512064599 13.44351768493652
14509.509315065221 13.34104824066162
14647.695118065842 12.46883296966553
14785.880921066462 13.14231872558594
14924.066724067085 12.79907417297363
15062.252527067705 13.43909454345703
15200.438330068326 12.77860736846924
15338.624133068948 13.08194541931152
15476.809936069569 12.42312145233154
15614.99573907019 12.31270790100098
15753.181542070812 12.5895414352417
15891.367345071432 12.96169853210449
16029.553148072053 13.29997730255127
16167.738951072675 12.64042377471924
16305.924754073296 12.63088989257812
16444.110557073916 14.53667163848877
16582.29636007454 15.47332096099854
16720.482163075158 15.95134162902832
16858.66796607578 14.93148517608643
16996.853769076402 15.7203254699707
17135.03957207702 15.00235652923584
17273.225375077644 16.68728446960449
17411.411178078266 15.57440185546875
17549.596981078885 15.26497459411621
17687.782784079507 14.68401432037354
17825.96858708013 15.74972057342529
17964.15439008075 15.57146549224854
18102.34019308137 15.69508838653564
18240.525996081993 15.73150825500488
18378.711799082612 15.48198795318604
18516.897602083234 15.03663921356201
18655.083405083857 15.33097362518311
18793.269208084475 15.18039321899414
18931.455011085098 15.56198215484619
19069.64081408572 15.69557952880859
19207.82661708634 15.49557876586914
19346.01242008696 15.1268138885498
19484.198223087584 15.47681999206543
19622.384026088203 15.36092662811279
19760.569829088825 15.28514194488525
19898.755632089444 16.39360237121582
20036.941435090066 16.40274620056152
20175.12723809069 16.72930145263672
20313.313041091307 15.6594762802124
20451.49884409193 15.63318824768066
20589.684647092552 16.01865005493164
20727.87045009317 16.64273071289062
20866.056253093793 14.34908771514893
21004.242056094416 16.2486743927002
21142.427859095034 15.42386627197266
21280.613662095657 14.62234592437744
21418.79946509628 16.99269104003906
21556.985268096898 16.48177909851074
21695.17107109752 16.2268180847168
21833.356874098143 15.38713455200195
21971.54267709876 15.72112083435059
22109.728480099384 17.03247451782227
22247.914283100006 15.58950328826904
22386.100086100625 14.29455471038818
22524.285889101247 14.17430305480957
22662.47169210187 14.58641052246094
22800.65749510249 14.18969821929932
22938.84329810311 14.19358444213867
23077.029101103733 13.96429347991943
23215.214904104352 12.80378150939941
23353.400707104975 14.0687255859375
23491.586510105597 13.40536975860596
23629.772313106216 14.05878829956055
23767.958116106838 14.0159854888916
23906.14391910746 14.1314754486084
24044.32972210808 13.71921062469482
24182.5155251087 13.43750762939453
24320.701328109324 13.5844087600708
24458.887131109943 14.74342346191406
24597.072934110565 14.79234313964844
24735.258737111184 14.9053316116333
24873.444540111806 15.37009429931641
25011.63034311243 15.73784160614014
25149.816146113048 16.38920211791992
25288.00194911367 15.13378238677979
25426.187752114292 16.47634124755859
25564.37355511491 16.98851776123047
25702.559358115534 17.37859344482422
25840.745161116156 17.26127815246582
25978.930964116775 16.02513885498047
26117.116767117397 15.91186237335205
26255.30257011802 16.72950553894043
26393.48837311864 16.76469802856445
26531.67417611926 16.0775146484375
26669.859979119883 16.0632438659668
26808.045782120502 14.64259147644043
26946.231585121124 14.84829425811768
27084.417388121747 15.27164459228516
27222.603191122365 15.10349178314209
27360.788994122988 14.60945701599121
27498.97479712361 14.88501739501953
27637.16060012423 14.53551006317139
27775.34640312485 14.50468635559082
27913.532206125474 14.16500854492188
28051.718009126093 14.0446949005127
28189.903812126715 13.913743019104
28328.089615127337 12.98982810974121
28466.275418127956 13.69522666931152
28604.46122112858 12.8044319152832
28742.647024129197 13.25937366485596
28880.83282712982 12.70605659484863
29019.018630130442 12.99660205841064
29157.20443313106 12.38133907318115
29295.390236131683 12.72315788269043
29433.576039132306 13.36225414276123
29571.761842132924 12.80104064941406
29709.947645133547 12.65614986419678
29848.13344813417 12.91265487670898
29986.319251134788 12.99328804016113
30124.50505413541 12.17508411407471
30262.690857136033 12.8603630065918
30400.87666013665 12.32465934753418
30539.062463137274 12.29372882843018
30677.248266137896 12.57708168029785
30815.434069138515 15.06058788299561
30953.619872139137 14.4182825088501
31091.80567513976 12.96578502655029
31229.99147814038 12.68783378601074
31368.177281141 11.62380218505859
31506.363084141623 11.8322811126709
31644.548887142242 11.89913845062256
31782.734690142865 11.66290187835693
31920.920493143487 12.50025367736816
32059.106296144106 11.07408618927002
32197.292099144728 10.95862770080566
32335.47790214535 11.18989181518555
32473.66370514597 11.99444389343262
32611.84950814659 12.40639495849609
32750.035311147214 11.93947982788086
32888.22111414783 11.71375942230225
33026.40691714845 11.26795387268066
33164.59272014908 11.66629600524902
33302.7785231497 11.48488712310791
33440.964326150315 10.76726055145264
33579.15012915094 10.88750267028809
33717.33593215156 11.95792484283447
33855.52173515218 11.78292083740234
33993.707538152805 11.45244979858398
34131.89334115342 11.67470073699951
34270.07914415404 11.61116600036621
34408.26494715467 12.42952537536621
34546.45075015529 13.14978790283203
34684.636553155906 11.92758274078369
34822.82235615653 12.24402809143066
34961.00815915715 12.12037563323975
35099.19396215777 13.27350425720215
35237.379765158395 13.09987545013428
35375.565568159014 14.50861072540283
35513.75137115963 13.76303482055664
35651.93717416026 13.55940437316895
35790.12297716088 13.65938472747803
35928.3087801615 13.99552536010742
36066.49458316212 14.18590831756592
36204.68038616274 14.69154262542725
36342.86618916336 13.15326976776123
36481.051992163986 14.91145610809326
36619.237795164605 16.27671432495117
36757.423598165224 14.47211456298828
36895.60940116585 13.4722957611084
37033.79520416647 12.80667018890381
37171.98100716709 13.53935718536377
37310.16681016771 13.76727867126465
37448.35261316833 13.97008800506592
37586.53841616895 13.6814432144165
37724.72421916958 13.78572750091553
37862.910022170196 13.44878482818604
38001.095825170814 14.03303623199463
38139.28162817144 14.20561981201172
38277.46743117206 13.57121181488037
38415.65323417268 13.92728996276855
38553.839037173304 13.92899894714355
38692.02484017392 14.4119930267334
38830.21064317454 13.70914173126221
38968.39644617517 14.29641628265381
39106.582249175786 13.73809814453125
39244.768052176405 14.77755641937256
39382.95385517703 13.92877960205078
39521.13965817765 13.48443031311035
39659.32546117827 13.46559429168701
39797.51126417889 13.69544315338135
39935.69706717951 13.56608963012695
40073.88287018013 13.18990421295166
40212.06867318075 13.46027851104736
40350.25447618138 12.85426330566406
40488.440279181996 12.74706840515137
40626.626082182614 12.972580909729
40764.81188518324 12.64402103424072
40902.99768818386 12.85801219940186
41041.18349118448 12.89468002319336
41179.369294185104 12.87720489501953
41317.55509718572 13.24740409851074
41455.74090018634 13.41883754730225
41593.92670318697 13.69510650634766
41732.11250618759 14.54250812530518
41870.298309188205 15.98529243469238
42008.48411218883 16.37346267700195
42146.66991518945 16.42048072814941
42284.85571819007 16.80010223388672
42423.041521190695 17.04705619812012
42561.22732419131 16.29399871826172
42699.41312719193 16.81686401367188
42837.59893019256 15.96233558654785
42975.78473319318 15.32455253601074
43113.970536193796 14.9076099395752
43252.15633919442 15.07503986358643
43390.34214219504 14.87044334411621
43528.52794519566 14.50550174713135
43666.713748196285 15.05917167663574
43804.899551196904 14.98354244232178
43943.08535419752 15.11261463165283
44081.27115719815 15.76204204559326
44219.45696019877 16.65982246398926
44357.64276319939 16.74329566955566
44495.82856620001 16.48052215576172
44634.01436920063 16.25211334228516
44772.20017220125 16.34733200073242
44910.385975201876 15.55406475067139
45048.571778202495 15.55355930328369
45186.757581203114 15.10492324829102
45324.94338420374 15.05165195465088
45463.12918720436 14.78449249267578
45601.31499020498 14.31510734558105
45739.5007932056 13.80693626403809
45877.68659620622 14.0642557144165
46015.87239920684 14.05963039398193
46154.05820220747 13.22467422485352
46292.244005208086 13.7032470703125
46430.429808208704 13.42472076416016
46568.61561120933 13.76402187347412
46706.80141420995 14.30735397338867
46844.98721721057 15.00970268249512
46983.173020211194 15.25589370727539
47121.35882321181 14.66741275787354
47259.54462621243 14.7042236328125
47397.73042921306 14.80804538726807
47535.916232213676 15.09569549560547
47674.102035214295 14.53380393981934
47812.28783821492 14.47360610961914
47950.47364121554 14.75933170318604
48088.65944421616 15.54816818237305
48226.845247216785 16.20367240905762
48365.0310502174 16.3591136932373
48503.21685321802 16.57172012329102
48641.40265621865 16.57175064086914
48779.58845921927 17.45639801025391
48917.774262219886 17.84908103942871
49055.960065220504 18.36732292175293
49194.14586822113 18.13958549499512
49332.33167122175 17.17047119140625
49470.51747422237 18.27587127685547
49608.703277222994 18.07960510253906
49746.88908022361 18.56908798217773
49885.07488322423 18.45423889160156
50023.26068622486 18.48720550537109
50161.44648922548 18.65248107910156
50299.632292226095 19.0190258026123
50437.81809522672 19.54301452636719
50576.00389822734 19.64682579040527
50714.18970122796 19.46549987792969
50852.375504228585 19.83461952209473
50990.5613072292 20.10812950134277
51128.74711022982 20.19875335693359
51266.93291323045 21.48539543151855
51405.11871623107 21.15027618408203
51543.304519231686 21.77004623413086
51681.49032223231 22.31317329406738
51819.67612523293 23.83838844299316
51957.86192823355 20.31596755981445
52096.047731234175 22.22321128845215
52234.233534234794 22.82362174987793
52372.41933723541 23.06232833862305
52510.60514023604 22.94074821472168
52648.79094323666 22.31575775146484
52786.97674623728 21.81711006164551
52925.1625492379 22.01741981506348
53063.34835223852 21.34512329101562
53201.53415523914 22.43686485290527
53339.719958239766 22.0408821105957
53477.905761240385 21.11503791809082
53616.091564241004 20.59787940979004
53754.27736724163 20.91766166687012
53892.46317024225 21.40981674194336
54030.64897324287 21.5137939453125
54168.83477624349 20.61994934082031
54307.02057924411 20.63901138305664
54445.20638224473 20.70040512084961
54583.39218524536 20.88171768188477
54721.577988245976 20.32315444946289
54859.763791246594 20.45433235168457
54997.94959424722 20.47672653198242
55136.13539724784 20.09491729736328
55274.32120024846 19.69993209838867
55412.507003249084 19.23867988586426
55550.6928062497 18.51752662658691
55688.87860925032 18.63774299621582
55827.06441225095 18.29531669616699
55965.250215251566 17.53372573852539
56103.436018252185 17.84456825256348
56241.62182125281 17.19881439208984
56379.80762425343 17.95439338684082
56517.99342725405 18.46471977233887
56656.179230254675 17.95445442199707
56794.36503325529 18.49941825866699
56932.55083625591 19.2109203338623
57070.73663925654 19.63097763061523
57208.92244225716 20.24866104125977
57347.108245257776 19.4041576385498
57485.294048258394 18.84661674499512
57623.47985125902 19.38372230529785
57761.66565425964 18.66898727416992
57899.85145726026 18.74823570251465
58038.037260260884 18.90266418457031
58176.2230632615 18.78515815734863
58314.40886626212 18.83114814758301
58452.59466926275 18.79317092895508
58590.78047226337 18.87196159362793
58728.966275263985 19.05192947387695
58867.15207826461 18.48548698425293
59005.33788126523 17.65996551513672
59143.52368426585 17.87359428405762
59281.709487266475 18.26622581481934
59419.89529026709 19.35614776611328
59558.08109326771 19.32670402526855
59696.26689626834 19.95649719238281
59834.45269926896 18.74336051940918
59972.638502269576 19.3504695892334
60110.8243052702 19.28472900390625
60249.01010827082 19.30458831787109
60387.19591127144 20.20085334777832
60525.381714272065 20.84745216369629
60663.567517272684 19.67326927185059
60801.7533202733 19.41753768920898
60939.93912327393 18.50337219238281
61078.12492627455 18.73958587646484
61216.31072927517 18.50688362121582
61354.49653227579 18.52556037902832
61492.68233527641 19.20873069763184
61630.86813827703 19.23001861572266
61769.053941277656 18.66034889221191
61907.239744278275 18.70548248291016
62045.425547278894 19.0797061920166
62183.61135027952 19.22427749633789
62321.79715328014 19.21670913696289
62459.98295628076 19.22015380859375
62598.16875928138 18.18280601501465
62736.354562282 18.67046356201172
62874.54036528262 19.08978080749512
63012.72616828325 20.27541732788086
63150.911971283866 19.81322479248047
63289.097774284484 19.3099422454834
63427.28357728511 19.25760078430176
63565.46938028573 17.74570465087891
63703.65518328635 17.50581932067871
63841.840986286974 17.70915412902832
63980.02678928759 17.15637969970703
64118.21259228821 17.5540771484375
64256.39839528884 17.15266799926758
64394.584198289456 16.22294235229492
64532.770001290075 15.8520450592041
64670.9558042907 16.04050064086914
64809.14160729132 16.5118350982666
64947.32741029194 17.28288459777832
65085.513213292565 17.15208053588867
65223.69901629318 16.86625289916992
65361.8848192938 16.75559043884277
65500.07062229443 17.37234115600586
65638.25642529504 17.63527488708496
65776.44222829567 17.77882957458496
65914.62803129629 17.61100578308105
66052.8138342969 16.67911148071289
66190.99963729753 14.74061489105225
66329.18544029816 16.32402038574219
66467.37124329877 16.90989685058594
66605.5570462994 15.46895313262939
66743.74284930002 15.86995887756348
66881.92865230063 16.36147689819336
67020.11445530126 17.19902038574219
67158.30025830188 16.95754623413086
67296.4860613025 17.47998046875
67434.67186430312 17.72204971313477
67572.85766730375 18.86313629150391
67711.04347030436 19.36030769348145
67849.22927330498 20.27120399475098
67987.41507630561 21.19365310668945
68125.60087930622 20.3962287902832
68263.78668230685 21.48200416564941
68401.97248530747 21.56217002868652
68540.15828830808 22.08220863342285
68678.34409130871 22.05155944824219
68816.52989430934 22.39939498901367
68954.71569730995 22.2169132232666
69092.90150031057 22.96969795227051
69231.0873033112 24.43734550476074
69369.27310631181 24.01020812988281
69507.45890931244 24.76889991760254
69645.64471231306 22.43611907958984
69783.83051531368 25.55275344848633
69922.0163183143 27.12131500244141
70060.20212131493 26.18098449707031
70198.38792431554 25.99602508544922
70336.57372731616 25.30562591552734
70474.75953031679 23.82245635986328
70612.9453333174 23.69022560119629