0 525.4940185546875
0.267744155032079 525.5853271484375
0.535488310064158 525.6768798828125
0.803232465096237 525.768798828125
1.070976620128316 525.8609619140625
1.338720775160395 525.953369140625
1.606464930192474 526.046142578125
1.874209085224553 526.13916015625
2.141953240256632 526.2324829101562
2.409697395288711 526.3261108398438
2.67744155032079 526.4199829101562
2.945185705352869 526.51416015625
3.212929860384948 526.608642578125
3.480674015417027 526.7034301757812
3.748418170449106 526.7984619140625
4.016162325481185 526.893798828125
4.283906480513264 526.9894409179688
4.551650635545343 527.0853271484375
4.819394790577422 527.1815185546875
5.0871389456095 527.2780151367188
5.35488310064158 527.3748168945312
5.622627255673659 527.4718627929688
5.890371410705738 527.5692138671875
6.158115565737817 527.6668701171875
6.425859720769896 527.7647705078125
6.6936038758019745 527.8629760742188
6.961348030834054 527.9614868164062
7.229092185866133 528.060302734375
7.496836340898212 528.1593627929688
7.764580495930291 528.2587890625
8.03232465096237 528.3583984375
8.30006880599445 528.4583740234375
8.567812961026528 528.55859375
8.835557116058606 528.6591186523438
9.103301271090686 528.7599487304688
9.371045426122764 528.8610229492188
9.638789581154844 528.9624633789062
9.906533736186923 529.0641479492188
10.174277891219 529.1660766601562
10.44202204625108 529.2683715820312
10.70976620128316 529.3709106445312
10.97751035631524 529.4736938476562
11.245254511347317 529.5768432617188
11.512998666379396 529.6802368164062
11.780742821411476 529.783935546875
12.048486976443554 529.887939453125
12.316231131475634 529.9921875
12.583975286507712 530.1414794921875
12.851719441539792 530.4631958007812
13.11946359657187 530.7857666015625
13.387207751603949 531.109130859375
13.654951906636029 531.433349609375
13.922696061668107 531.7584228515625
14.190440216700187 532.0842895507812
14.458184371732266 532.4110107421875
14.725928526764344 532.7385864257812
14.993672681796424 533.0669555664062
15.261416836828502 533.3961791992188
15.529160991860582 533.7262573242188
15.79690514689266 534.0538940429688
16.06464930192474 534.37060546875
16.33239345695682 534.6881103515625
16.6001376119889 535.0064086914062
16.867881767020975 535.3255004882812
17.135625922053055 535.6453247070312
17.403370077085135 535.9660034179688
17.671114232117212 536.2874145507812
17.938858387149292 536.609619140625
18.206602542181372 536.9326171875
18.474346697213452 537.2564086914062
18.74209085224553 537.5809326171875
19.00983500727761 537.9063110351562
19.27757916230969 538.232421875
19.545323317341765 538.559326171875
19.813067472373845 538.8870239257812
20.080811627405925 539.2155151367188
20.348555782438 539.5447998046875
20.61629993747008 539.8748168945312
20.88404409250216 540.2056274414062
21.151788247534242 540.5372924804688
21.41953240256632 540.8696899414062
21.6872765575984 541.202880859375
21.95502071263048 541.5368041992188
22.222764867662555 541.87158203125
22.490509022694635 542.2070922851562
22.758253177726715 542.5433959960938
23.02599733275879 542.8804931640625
23.29374148779087 543.2183837890625
23.56148564282295 543.5570678710938
23.82922979785503 543.8965454101562
24.096973952887108 544.2367553710938
24.364718107919188 544.5777587890625
24.632462262951268 544.9195556640625
24.900206417983345 545.2621459960938
25.167950573015425 545.6055297851562
25.435694728047505 545.94970703125
25.703438883079585 546.2946166992188
25.97118303811166 546.640380859375
26.23892719314374 546.9868774414062
26.50667134817582 547.3341674804688
26.774415503207898 547.6822509765625
27.042159658239978 548.0310668945312
27.309903813272058 548.3807373046875
27.577647968304134 548.7311401367188
27.845392123336214 549.0823364257812
28.113136278368295 549.434326171875
28.380880433400375 549.787109375
28.64862458843245 550.1406860351562
28.91636874346453 550.4950561523438
29.18411289849661 550.8501586914062
29.451857053528688 551.2060546875
29.719601208560768 551.562744140625
29.987345363592848 551.9202270507812
30.255089518624924 552.2785034179688
30.522833673657004 552.6375732421875
30.790577828689084 552.9973754882812
31.058321983721164 553.3580322265625
31.32606613875324 553.7194213867188
31.59381029378532 554.0816040039062
31.8615544488174 554.4445190429688
32.12929860384948 554.8082885742188
32.39704275888156 555.1728515625
32.66478691391364 555.5381469726562
32.932531068945714 555.9042358398438
33.2002752239778 556.2711181640625
33.468019379009874 556.6387939453125
33.73576353404195 557.2386474609375
34.003507689074034 557.8683471679688
34.27125184410611 558.498291015625
34.53899599913819 559.12841796875
34.80674015417027 559.7586669921875
35.07448430920235 560.3890991210938
35.342228464234424 561.0197143554688
35.60997261926651 561.6504516601562
35.877716774298584 562.2814331054688
36.14546092933066 562.9125366210938
36.413205084362744 563.5437622070312
36.68094923939482 564.1752319335938
36.948693394426904 564.8068237304688
37.21643754945898 565.4385986328125
37.48418170449106 566.070556640625
37.75192585952314 566.7026977539062
38.01967001455522 567.3349609375
38.287414169587294 567.9674072265625
38.55515832461938 568.6000366210938
38.822902479651454 569.2328491210938
39.09064663468353 569.8657836914062
39.358390789715614 570.4989013671875
39.62613494474769 571.1322021484375
39.89387909977977 571.7656860351562
40.16162325481185 572.3992919921875
40.42936740984393 573.0330810546875
40.697111564876 573.6670532226562
40.96485571990809 574.3012084960938
41.23259987494016 574.9354858398438
41.50034402997224 575.5700073242188
41.76808818500432 576.2046508789062
42.0358323400364 576.8394165039062
42.303576495068484 577.4744262695312
42.57132065010056 578.1095581054688
42.83906480513264 578.744873046875
43.10680896016472 579.38037109375
43.3745531151968 580.0159912109375
43.64229727022887 580.65185546875
43.91004142526096 581.287841796875
44.17778558029303 581.9240112304688
44.44552973532511 582.560302734375
44.71327389035719 583.19677734375
44.98101804538927 583.8334350585938
45.248762200421346 584.4702758789062
45.51650635545343 585.1072998046875
45.784250510485506 585.7444458007812
46.05199466551758 586.3817749023438
46.31973882054967 587.019287109375
46.58748297558174 587.656982421875
46.85522713061383 588.2947998046875
47.1229712856459 588.9328002929688
47.39071544067798 589.5709838867188
47.65845959571006 590.2093505859375
47.92620375074214 590.8478393554688
48.193947905774216 591.486572265625
48.4616920608063 592.1253662109375
48.729436215838376 592.764404296875
48.99718037087045 593.4036254882812
49.264924525902536 594.04296875
49.53266868093461 594.6824951171875
49.80041283596669 595.3222045898438
50.06815699099877 595.9620361328125
50.33590114603085 596.60205078125
50.603645301062926 597.2422485351562
50.87138945609501 597.8826293945312
51.139133611127086 598.523193359375
51.40687776615917 599.1638793945312
51.674621921191246 599.8047485351562
51.94236607622332 600.44580078125
52.210110231255406 601.0869750976562
52.47785438628748 601.7283935546875
52.74559854131956 602.3699340820312
53.01334269635164 603.0115966796875
53.28108685138372 603.6535034179688
53.548831006415796 604.2955322265625
53.81657516144788 604.9378051757812
54.084319316479956 605.5801391601562
54.35206347151203 606.2227172851562
54.619807626544116 606.7977294921875
54.88755178157619 607.3203735351562
55.15529593660827 607.8424072265625
55.42304009164035 608.3638916015625
55.69078424667243 608.8848266601562
55.958528401704505 609.4052124023438
56.22627255673659 609.925048828125
56.494016711768666 610.4442749023438
56.76176086680075 610.9629516601562
57.029505021832826 611.4811401367188
57.2972491768649 611.9987182617188
57.564993331896986 612.5156860351562
57.83273748692906 613.0234375
58.10048164196114 613.5239868164062
58.36822579699322 614.0238647460938
58.6359699520253 614.5231323242188
58.903714107057375 615.021728515625
59.17145826208946 615.5197143554688
59.439202417121535 616.0169677734375
59.70694657215361 616.5136108398438
59.974690727185695 617.0096435546875
60.24243488221777 617.5049438476562
60.51017903724985 617.9996337890625
60.77792319228193 618.49365234375
61.04566734731401 618.987060546875
61.31341150234609 619.4797973632812
61.58115565737817 619.9718627929688
61.848899812410245 620.4632568359375
62.11664396744233 620.9540405273438
62.384388122474405 621.4441528320312
62.65213227750648 621.9336547851562
62.919876432538565 622.4224243164062
63.18762058757064 622.9105834960938
63.45536474260272 623.3981323242188
63.7231088976348 623.8849487304688
63.99085305266688 624.3711547851562
64.25859720769895 624.856689453125
64.52634136273103 625.3416137695312
64.79408551776312 625.8258666992188
65.0618296727952 626.3094482421875
65.32957382782728 626.7923583984375
65.59731798285935 627.274658203125
65.86506213789143 627.7562866210938
66.1328062929235 628.2373046875
66.4005504479556 628.7175903320312
66.66829460298767 629.197265625
66.93603875801975 629.6763305664062
67.20378291305182 630.1546630859375
67.4715270680839 630.6323852539062
67.73927122311598 631.1094360351562
68.00701537814807 631.5858764648438
68.27475953318014 632.0616455078125
68.54250368821222 632.5367431640625
68.8102478432443 633.0111694335938
69.07799199827637 633.4849853515625
69.34573615330847 633.9581298828125
69.61348030834054 634.4306640625
69.88122446337262 634.9024658203125
70.1489686184047 635.3736572265625
70.41671277343677 635.84423828125
70.68445692846885 636.3140869140625
70.95220108350094 636.7833251953125
71.21994523853301 637.2518920898438
71.48768939356509 637.7198486328125
71.75543354859717 638.1871337890625
72.02317770362924 638.6537475585938
72.29092185866132 639.1196899414062
72.55866601369341 639.5850219726562
72.82641016872549 640.0496826171875
73.09415432375756 640.513671875
73.36189847878964 640.97705078125
73.62964263382172 641.4397583007812
73.89738678885381 641.9017944335938
74.16513094388588 642.3632202148438
74.43287509891796 642.823974609375
74.70061925395004 643.2840576171875
74.96836340898211 643.7435302734375
75.23610756401419 644.2022705078125
75.50385171904628 644.65087890625
75.77159587407836 645.0697021484375
76.03934002911043 645.4885864257812
76.30708418414251 645.9075927734375
76.57482833917459 646.32666015625
76.84257249420666 646.745849609375
77.11031664923875 647.1650390625
77.37806080427083 647.5843505859375
77.64580495930291 648.0037841796875
77.91354911433498 648.4232177734375
78.18129326936706 648.8427734375
78.44903742439915 649.2623901367188
78.71678157943123 649.6820678710938
78.9845257344633 650.101806640625
79.25226988949538 650.5216674804688
79.52001404452746 650.9415893554688
79.78775819955953 651.361572265625
80.05550235459162 651.7816772460938
80.3232465096237 652.2018432617188
80.59099066465578 652.6220703125
80.85873481968785 653.0423583984375
81.12647897471993 653.4627075195312
81.394223129752 653.8831787109375
81.6619672847841 654.3037109375
81.92971143981617 654.724365234375
82.19745559484825 655.14501953125
82.46519974988033 655.5657958984375
82.7329439049124 655.9866333007812
83.00068805994448 656.4075927734375
83.26843221497657 656.8285522460938
83.53617637000865 657.2496337890625
83.80392052504072 657.6708374023438
84.0716646800728 658.092041015625
84.33940883510488 658.5133666992188
84.60715299013697 658.9347534179688
84.87489714516904 659.356201171875
85.14264130020112 659.7777099609375
85.4103854552332 660.1993408203125
85.67812961026527 660.6210327148438
85.94587376529735 661.0427856445312
86.21361792032944 661.4646606445312
86.48136207536152 661.8865966796875
86.7491062303936 662.30859375
87.01685038542567 662.7306518554688
87.28459454045775 663.15283203125
87.55233869548982 663.5750122070312
87.82008285052191 663.9973754882812
88.08782700555399 664.4197387695312
88.35557116058607 664.8422241210938
88.62331531561814 665.2647094726562
88.89105947065022 665.6873779296875
89.15880362568231 666.1100463867188
89.42654778071439 666.5328369140625
89.69429193574646 666.9556884765625
89.96203609077854 667.3786010742188
90.22978024581062 667.8015747070312
90.49752440084269 668.2246704101562
90.76526855587478 668.6478271484375
91.03301271090686 669.071044921875
91.30075686593894 669.494384765625
91.56850102097101 669.917724609375
91.83624517600309 670.3411865234375
92.10398933103517 670.7647705078125
92.37173348606726 671.1883544921875
92.63947764109933 671.612060546875
92.90722179613141 672.0358276367188
93.17496595116349 672.459716796875
93.44271010619556 672.8836059570312
93.71045426122765 673.3076171875
93.97819841625973 673.731689453125
94.2459425712918 674.1558227539062
94.51368672632388 674.580078125
94.78143088135596 675.00439453125
95.04917503638804 675.4287719726562
95.31691919142013 675.853271484375
95.5846633464522 676.2777709960938
95.85240750148428 676.702392578125
96.12015165651636 677.1270751953125
96.38789581154843 677.5518798828125
96.65563996658051 677.806396484375
96.9233841216126 678.046875
97.19112827664468 678.2870483398438
97.45887243167675 678.5270385742188
97.72661658670883 678.7667846679688
97.9943607417409 679.0062866210938
98.262104896773 679.2455444335938
98.52984905180507 679.4845581054688
98.79759320683715 679.723388671875
99.06533736186923 679.9619750976562
99.3330815169013 680.2003173828125
99.60082567193338 680.4384765625
99.86856982696547 680.70556640625
100.13631398199755 680.9747924804688
100.40405813702962 681.2440185546875
100.6718022920617 681.5132446289062
100.93954644709378 681.782470703125
101.20729060212585 682.0516967773438
101.47503475715794 682.3209228515625
101.74277891219002 682.5902099609375
102.0105230672221 682.8594360351562
102.27826722225417 683.1287231445312
102.54601137728625 683.39794921875
102.81375553231834 683.667236328125
103.08149968735042 683.9365234375
103.34924384238249 684.2057495117188
103.61698799741457 684.4750366210938
103.88473215244665 684.7443237304688
104.15247630747872 685.0136108398438
104.42022046251081 685.2828979492188
104.68796461754289 685.55224609375
104.95570877257497 685.821533203125
105.22345292760704 686.0908203125
105.49119708263912 686.3601684570312
105.7589412376712 686.6294555664062
106.02668539270329 686.8988037109375
106.29442954773536 687.1680908203125
106.56217370276744 687.4374389648438
106.82991785779951 687.706787109375
107.09766201283159 687.9761352539062
107.36540616786367 688.2454833984375
107.63315032289576 688.5148315429688
107.90089447792784 688.7841796875
108.16863863295991 689.0535278320312
108.43638278799199 689.3228759765625
108.70412694302406 689.59228515625
108.97187109805616 689.8616333007812
109.23961525308823 690.1310424804688
109.50735940812031 690.400390625
109.77510356315238 690.6697998046875
110.04284771818446 690.939208984375
110.31059187321654 691.2085571289062
110.57833602824863 691.4779663085938
110.8460801832807 691.7473754882812
111.11382433831278 692.0167846679688
111.38156849334486 692.2862548828125
111.64931264837693 692.5556640625
111.91705680340901 692.8250732421875
112.1848009584411 693.094482421875
112.45254511347318 693.3639526367188
112.72028926850525 693.6333618164062
112.98803342353733 693.90283203125
113.25577757856941 694.1723022460938
113.5235217336015 694.4417114257812
113.79126588863357 694.711181640625
114.05901004366565 694.9806518554688
114.32675419869773 695.2501220703125
114.5944983537298 695.5195922851562
114.86224250876188 695.7890625
115.12998666379397 696.0585327148438
115.39773081882605 696.3280639648438
115.66547497385812 696.5975341796875
115.9332191288902 696.8670654296875
116.20096328392228 697.1365356445312
116.46870743895435 697.4060668945312
116.73645159398644 697.675537109375
117.00419574901852 697.945068359375
117.2719399040506 698.214599609375
117.53968405908267 698.4654541015625
117.80742821411475 698.7041015625
118.07517236914684 698.9426879882812
118.34291652417892 699.1812744140625
118.610660679211 699.4197998046875
118.87840483424307 699.6582641601562
119.14614898927515 699.896728515625
119.41389314430722 700.1351928710938
119.68163729933931 700.3735961914062
119.94938145437139 700.6119995117188
120.21712560940347 700.850341796875
120.48486976443554 701.0886840820312
120.75261391946762 701.3269653320312
121.0203580744997 701.565185546875
121.28810222953179 701.803466796875
121.55584638456386 702.0416259765625
121.82359053959594 702.27978515625
122.09133469462802 702.5179443359375
122.3590788496601 702.7560424804688
122.62682300469218 702.994140625
122.89456715972426 703.232177734375
123.16231131475634 703.47021484375
123.43005546978841 703.7081909179688
123.69779962482049 703.9461669921875
123.96554377985257 704.18408203125
124.23328793488466 704.4219970703125
124.50103208991673 704.6598510742188
124.76877624494881 704.897705078125
125.03652039998089 705.135498046875
125.30426455501296 705.3732299804688
125.57200871004504 705.6110229492188
125.83975286507713 705.8486938476562
126.10749702010921 706.08642578125
126.37524117514128 706.3240356445312
126.64298533017336 706.5617065429688
126.91072948520544 706.7992553710938
127.17847364023751 707.036865234375
127.4462177952696 707.2744140625
127.71396195030168 707.5119018554688
127.98170610533376 707.7493896484375
128.24945026036585 707.98681640625
128.5171944153979 708.2242431640625
128.78493857043 708.4616088867188
129.05268272546206 708.698974609375
129.32042688049415 708.936279296875
129.58817103552624 709.173583984375
129.8559151905583 709.4108276367188
130.1236593455904 709.6480712890625
130.39140350062246 709.88525390625
130.65914765565455 710.1224365234375
130.9268918106866 710.359619140625
131.1946359657187 710.5966796875
131.4623801207508 710.8338012695312
131.73012427578286 711.0708618164062
131.99786843081495 711.307861328125
132.265612585847 711.5448608398438
132.5333567408791 711.7817993164062
132.8011008959112 712.0187377929688
133.06884505094325 712.255615234375
133.33658920597534 712.4924926757812
133.6043333610074 712.7293701171875
133.8720775160395 712.9661865234375
134.1398216710716 713.2029418945312
134.40756582610365 713.439697265625
134.67530998113574 713.6763916015625
134.9430541361678 713.9130859375
135.2107982911999 714.1497802734375
135.47854244623196 714.3864135742188
135.74628660126405 714.6229858398438
136.01403075629614 714.8595581054688
136.2817749113282 715.0960693359375
136.5495190663603 715.3325805664062
136.81726322139235 715.569091796875