0 706.1824340820312
273.1896253424141 702.6760864257812
546.3792506848282 699
819.5688760272424 700
1092.7585013696564 700
1365.9481267120705 700
1639.1377520544847 703.4998779296875
1912.3273773968988 721.2532348632812
2185.517002739313 711.080322265625
2458.706628081727 687.2700805664062
2731.896253424141 676.8280639648438
3005.085878766555 672.1825561523438
3278.2755041089695 667.0999755859375
3551.4651294513833 660.338134765625
3824.6547547937976 656.0001220703125
4097.844380136212 650.9708862304688
4371.034005478626 646.3320922851562
4644.2236308210395 647.682373046875
4917.413256163454 649.4109497070312
5190.602881505868 650.5100708007812
5463.792506848282 651.4659423828125
5736.982132190697 652.8927001953125
6010.17175753311 650.6359252929688
6283.361382875524 647.4196166992188
6556.551008217939 646.8582763671875
6829.740633560353 653.4209594726562
7102.930258902767 659.191162109375
7376.11988424518 665.1981201171875
7649.309509587595 669.0266723632812
7922.499134930009 673.5819091796875
8195.688760272424 669.035400390625
8468.878385614837 659.8116455078125
8742.068010957251 657.8352661132812
9015.257636299666 663.0053100585938
9288.447261642079 670.311767578125
9561.636886984494 679.86962890625
9834.826512326908 694.8814086914062
10108.016137669321 706.2596435546875
10381.205763011736 709.021484375
10654.39538835415 698.2733764648438
10927.585013696564 693.3281860351562
11200.774639038978 691.5147705078125
11473.964264381393 689.5457153320312
11747.153889723806 686.0178833007812
12020.34351506622 683.1762084960938
12293.533140408636 688.8201293945312
12566.722765751048 695.19873046875
12839.912391093463 729.980712890625
13113.102016435878 758.5277099609375
13386.29164177829 769.9696655273438
13659.481267120706 769.5802612304688
13932.670892463118 750.8171997070312
14205.860517805533 705.1172485351562
14479.050143147948 662.938232421875
14752.23976849036 618.7035522460938
15025.429393832776 630.191162109375
15298.61901917519 664.2272338867188
15571.808644517603 712.0291748046875
15844.998269860018 745.599365234375
16118.187895202433 754.61083984375
16391.377520544847 742.8289794921875
16664.56714588726 722.6621704101562
16937.756771229673 690.6395263671875
17210.94639657209 673.4406127929688
17484.136021914503 656.3290405273438
17757.325647256916 619.7630615234375
18030.515272599332 545.9246215820312
18303.704897941745 485.3914184570312
18576.894523284158 518.1300048828125
18850.084148626574 570.9376220703125
19123.273773968987 616.084228515625
19396.4633993114 642.7208862304688
19669.653024653817 662.957763671875
19942.84264999623 677.4824829101562
20216.032275338643 681.8715209960938
20489.22190068106 684.6180419921875
20762.411526023472 686.9619750976562
21035.601151365885 689.1312255859375
21308.7907767083 691.466552734375
21581.980402050714 693.774658203125
21855.170027393127 695.9722900390625
22128.359652735544 697.7744140625
22401.549278077957 699
22674.73890342037 699
22947.928528762786 699
23221.1181541052 699.146240234375
23494.307779447612 700.7594604492188
23767.49740479003 700
24040.68703013244 700
24313.876655474854 700
24587.06628081727 680.6112670898438
24860.255906159684 601.296142578125
25133.445531502097 688.3707885742188
25406.635156844513 701.7701416015625
25679.824782186926 704.0958251953125
25953.01440752934 701.2205200195312
26226.204032871756 700
26499.39365821417 700.0284423828125
26772.58328355658 710.1494750976562
27045.772908898995 710.2640991210938
27318.96253424141 703.2216186523438
27592.152159583824 700
27865.341784926237 704.6342163085938
28138.531410268653 717.0062866210938
28411.721035611066 720
28684.91066095348 720
28958.100286295896 699.8846435546875
29231.28991163831 557.7877807617188
29504.47953698072 442.5868835449219
29777.669162323138 469.5144958496094
30050.85878766555 499.2945556640625
30324.048413007964 545.4732055664062
30597.23803835038 614.9649047851562
30870.427663692793 632.11376953125
31143.617289035206 639.7977905273438
31416.806914377623 671.5628051757812
31689.996539720036 703.6759643554688
31963.18616506245 700.80517578125
32236.375790404865 690.5131225585938
32509.565415747278 786.4384765625
32782.755041089695 828.6165771484375
33055.94466643211 850.6797485351562
33329.13429177452 872.2574462890625
33602.32391711693 884.7227783203125
33875.513542459346 892.3072509765625
34148.70316780177 906.6868286132812
34421.89279314418 916.2893676757812
34695.08241848659 903.9100952148438
34968.272043829005 890.7315673828125
35241.46166917142 884.36279296875
35514.65129451383 882.06591796875
35787.840919856244 884.6130981445312
36061.030545198664 886.4027709960938
36334.22017054108 887.4901123046875
36607.40979588349 888.109130859375
36880.5994212259 881.3428955078125
37153.789046568316 865.5416259765625
37426.97867191073 856.4235229492188
37700.16829725315 856
37973.35792259556 856
38246.547547937975 857.1194458007812
38519.73717328039 860.6677856445312
38792.9267986228 873.0543212890625
39066.11642396521 884.0393676757812
39339.306049307634 890.5736694335938
39612.49567465005 897.4129028320312
39885.68529999246 912.3141479492188
40158.87492533487 926.6486206054688
40432.064550677285 944.9151611328125
40705.2541760197 967.65673828125
40978.44380136212 979.5758666992188
41251.63342670453 986.8696899414062
41524.823052046944 1003.661010742188
41798.01267738936 1007.667724609375
42071.20230273177 998.7239990234375
42344.39192807418 980.4332275390625
42617.5815534166 956.30859375
42890.771178759016 902.2801513671875
43163.96080410143 801.4740600585938
43437.15042944384 721.5261840820312
43710.340054786255 609.1506958007812
43983.52968012867 597.1012573242188
44256.71930547109 726.8224487304688
44529.9089308135 816.4683227539062
44803.098556155914 909.6569213867188
45076.28818149833 919.6712646484375
45349.47780684074 895.7547607421875
45622.66743218315 863.793212890625
45895.85705752557 898.7201538085938
46169.046682867986 954.1475830078125
46442.2363082104 969.82080078125
46715.42593355281 968.5289916992188
46988.615558895224 950
47261.80518423764 950
47534.99480958006 953.86328125
47808.18443492247 978.740234375
48081.37406026488 1020.528930664062
48354.563685607296 1038.998168945312
48627.75331094971 1040.2255859375
48900.94293629212 1041.446411132812
49174.13256163454 1031.814208984375
49447.322186976955 1038.610961914062
49720.51181231937 1041.5693359375
49993.70143766178 1034.239379882812
50266.891063004194 1015.9091796875
50540.08068834661 1000
50813.27031368903 997.9760131835938
51086.45993903144 988.9185180664062
51359.64956437385 989.4976806640625
51632.839189716266 990.4781494140625
51906.02881505868 992.0377197265625
52179.21844040109 994.2304077148438
52452.40806574351 996.567138671875
52725.597691085924 999
52998.78731642834 1001
53271.97694177075 1001
53545.16656711316 1001
53818.356192455576 1001
54091.54581779799 1001
54364.73544314041 999
54637.92506848282 999
54911.114693825235 999
55184.30431916765 999
55457.49394451006 999
55730.683569852474 999
56003.873195194894 999
56277.06282053731 999
56550.25244587972 1000
56823.44207122213 1000
57096.631696564546 997.06982421875
57369.82132190696 990.8550415039062
57643.01094724938 985.9996337890625
57916.20057259179 989.4509887695312
58189.390197934204 994.6800537109375
58462.57982327662 995.8759765625
58735.76944861903 986.6488037109375
59008.95907396144 986.7101440429688
59282.14869930386 985.3505859375
59555.338324646276 981.4013061523438
59828.52794998869 973.3820190429688
60101.7175753311 964.7413330078125
60374.907200673515 925.0738525390625
60648.09682601593 780.353759765625
60921.28645135835 650.4713134765625
61194.47607670076 640
61467.665702043174 661.3511962890625
61740.85532738559 777.2996215820312
62014.044952728 868.740234375
62287.23457807041 865.115966796875
62560.42420341283 806.6537475585938
62833.613828755246 832.96435546875
63106.80345409766 872.6099243164062
63379.99307944007 903.2276000976562
63653.182704782485 948.2001342773438
63926.3723301249 949.0569458007812
64199.56195546732 931.6495361328125
64472.75158080973 909.308349609375
64745.94120615214 900
65019.130831494556 900
65292.32045683697 900
65565.51008217939 908
65838.6997075218 905.474609375
66111.88933286422 903.17578125
66385.07895820662 883.0205078125
66658.26858354904 861.235595703125
66931.45820889146 858.7066040039062
67204.64783423387 867.189208984375
67477.83745957629 892.0875854492188
67751.02708491869 939.476318359375
68024.21671026111 970.8958740234375
68297.40633560353 970.1666259765625
68570.59596094594 975.617431640625
68843.78558628836 955.6543579101562
69116.97521163076 940.1590576171875
69390.16483697318 952.3636474609375
69663.35446231559 983.578369140625
69936.54408765801 990.7118530273438
70209.73371300043 959.3395385742188
70482.92333834284 925.1012573242188
70756.11296368526 916.2846069335938
71029.30258902766 911.3587646484375
71302.49221437008 909.3939208984375
71575.68183971249 902.5469360351562
71848.87146505491 890.7373046875
72122.06109039733 876.8915405273438
72395.25071573973 860.1471557617188
72668.44034108215 863.4502563476562
72941.62996642456 875.1781616210938
73214.81959176698 877.6449584960938
73488.0092171094 839.7448120117188
73761.1988424518 832.7820434570312
74034.38846779423 826.640869140625
74307.57809313663 812.27392578125
74580.76771847905 773.1318359375
74853.95734382146 756.1245727539062
75127.14696916388 746.5345458984375
75400.3365945063 742.845947265625
75673.5262198487 763.4931640625
75946.71584519112 755.3126831054688
76219.90547053353 736.2530517578125
76493.09509587595 710.3502807617188
76766.28472121837 688.7003784179688
77039.47434656078 659.8406982421875
77312.6639719032 641.2623291015625
77585.8535972456 600.5540771484375
77859.04322258802 553.9932250976562
78132.23284793043 499.0063171386719
78405.42247327285 480.2622985839844
78678.61209861527 480
78951.80172395767 505.9745483398438
79224.9913493001 556.3729248046875
79498.1809746425 590.4326782226562
79771.37059998492 620.673095703125
80044.56022532734 644.3155517578125
80317.74985066974 648.2611083984375
80590.93947601216 648.4227294921875
80864.12910135457 649.0396118164062
81137.31872669699 656.3419189453125
81410.5083520394 646.7623291015625
81683.69797738182 617.607177734375
81956.88760272424 578.2884521484375
82230.07722806664 559.2922973632812
82503.26685340906 551.3154907226562
82776.45647875147 546.298828125
83049.64610409389 540.3200073242188
83322.83572943631 523.3221435546875
83596.02535477871 521.9158325195312
83869.21498012113 540.5885009765625
84142.40460546354 549.4609985351562
84415.59423080596 547.6572875976562
84688.78385614837 486.2292785644531
84961.97348149079 422.0419616699219
85235.1631068332 395.304443359375
85508.35273217561 389
85781.54235751803 388.5453491210938
86054.73198286044 391.3187255859375
86327.92160820286 394.0721740722656
86601.11123354528 396.8823547363281
86874.30085888768 414.7978515625
87147.4904842301 462.5355834960938
87420.68010957251 459
87693.86973491493 458.8887023925781
87967.05936025734 458.73681640625
88240.24898559976 459.9336853027344
88513.43861094218 460.2863159179688
88786.62823628458 460.0066528320312
89059.817861627 455
89333.0074869694 457.3613586425781
89606.19711231183 460
89879.38673765423 460
90152.57636299665 460.0612487792969
90425.76598833907 461.7864685058594
90698.95561368148 463.7729797363281
90972.1452390239 465.5665283203125
91245.3348643663 467
91518.52448970873 468.3802185058594
91791.71411505115 470
92064.90374039355 470.8223266601562
92338.09336573597 472.1033630371094
92611.28299107838 473.1748352050781
92884.4726164208 475
93157.6622417632 476.6608581542969
93430.85186710562 478.2344360351562
93704.04149244804 478.0392150878906
93977.23111779045 478
94250.42074313287 478.2339782714844
94523.61036847527 477.3739929199219
94796.7999938177 477.152587890625
95069.98961916011 476
95343.17924450252 470.1610412597656
95616.36886984494 465
95889.55849518735 465
96162.74812052977 465
96435.93774587217 467.921630859375
96709.12737121459 468.6073303222656
96982.31699655701 467.7744445800781
97255.50662189942 467.3345642089844
97528.69624724184 465.5162048339844
97801.88587258424 463.8114013671875
98075.07549792666 462.5084533691406
98348.26512326908 460.8795776367188
98621.45474861149 459
98894.64437395391 459
99167.83399929632 459
99441.02362463874 459.123046875
99714.21324998114 460
99987.40287532356 462.8336486816406
100260.59250066598 472.7978515625
100533.78212600839 482.0388793945312
100806.97175135081 488.9884948730469
101080.16137669321 497.1348876953125
101353.35100203563 501.1120910644531
101626.54062737805 504.3294067382812
101899.73025272046 506.3675231933594
102172.91987806288 509.5271301269531
102446.10950340529 510.9803771972656
102719.2991287477 511.7882080078125
102992.48875409011 513.2406616210938
103265.67837943253 513.8896484375
103538.86800477495 514.692138671875
103812.05763011736 515.1241455078125
104085.24725545978 515.5557861328125
104358.43688080218 515.9871826171875
104631.6265061446 516.418212890625
104904.81613148702 516.848876953125
105178.00575682943 517.1396484375
105451.19538217185 517.3546752929688
105724.38500751425 517.5695190429688
105997.57463285667 518
106270.76425819908 518
106543.9538835415 518.42626953125
106817.14350888392 519.1708374023438
107090.33313422633 516.1585693359375
107363.52275956875 512.988037109375
107636.71238491115 509.6981811523438
107909.90201025357 505.7168273925781
108183.09163559598 502.1927185058594
108456.2812609384 499
108729.47088628082 499
109002.66051162322 499
109275.85013696564 499
109549.03976230805 499
109822.22938765047 499
110095.41901299289 499
110368.6086383353 499.9494323730469
110641.79826367772 500
110914.98788902012 500
111188.17751436254 500
111461.36713970495 500
111734.55676504737 500
112007.74639038979 500
112280.9360157322 500
112554.12564107461 500
112827.31526641702 500
113100.50489175944 500
113373.69451710186 500
113646.88414244427 500
113920.07376778669 502.8417358398438
114193.26339312909 507.146240234375
114466.45301847151 511.3900146484375
114739.64264381392 515.6338500976562
115012.83226915634 520.0733032226562
115286.02189449876 532.3518676757812
115559.21151984116 543.484130859375
115832.40114518358 553.5903930664062
116105.59077052599 559.798095703125
116378.78039586841 566.8402709960938
116651.97002121083 573.0397338867188
116925.15964655323 576.6859130859375
117198.34927189565 579.3869018554688
117471.53889723806 581.6802978515625
117744.72852258048 583.8611450195312
118017.91814792289 585.1372680664062
118291.1077732653 586.5519409179688
118564.29739860773 588.4830932617188
118837.48702395013 589.89892578125
119110.67664929255 591.8969116210938
119383.86627463496 593.1035766601562
119657.05589997738 594.3101196289062
119930.2455253198 595.1468505859375
120203.4351506622 596
120476.62477600462 597
120749.81440134703 598
121023.00402668945 599
121296.19365203186 602.438720703125
121569.38327737428 620.9852294921875
121842.5729027167 650.5194091796875
122115.7625280591 705.9180297851562
122388.95215340152 742.8126220703125
122662.14177874393 754.9528198242188
122935.33140408635 752.5791625976562
123208.52102942875 749.630126953125
123481.71065477117 755.4627685546875
123754.9002801136 784.8308715820312
124028.089905456 831.1544799804688
124301.27953079842 882.7348022460938
124574.46915614083 1000.687438964844
124847.65878148325 1007.805053710938
125120.84840682567 1017.816284179688
125394.03803216807 1007.047790527344
125667.22765751049 1001.736572265625
125940.4172828529 998.4891967773438
126213.60690819532 967.4025268554688
126486.79653353772 947.7305908203125
126759.98615888014 898.325927734375
127033.17578422256 860.3618774414062
127306.36540956497 796.1077270507812
127579.55503490739 759.6790771484375
127852.7446602498 750.5355224609375
128125.93428559222 744.5923461914062
128399.12391093464 741.3468017578125
128672.31353627704 734.4815673828125
128945.50316161946 726.1597290039062
129218.69278696187 718.8419189453125
129491.88241230429 711.9290771484375
129765.07203764669 706.1226806640625
130038.26166298911 697.6046752929688
130311.45128833153 688.4030151367188
130584.64091367394 680.10498046875
130857.83053901636 676.1162719726562
131131.02016435878 671.7338256835938
131404.20978970118 666.2959594726562
131677.3994150436 661.4017333984375
131950.58904038602 651.0609130859375
132223.77866572843 638.0804443359375
132496.96829107084 626.5267944335938
132770.15791641324 619.0421142578125
133043.34754175568 614.9593505859375
133316.53716709808 611.3280639648438
133589.7267924405 607.6973266601562
133862.91641778292 603.4273681640625
134136.10604312533 599.7815551757812
134409.29566846773 595.3532104492188
134682.48529381014 590.9053344726562
134955.67491915257 586.45751953125
135228.86454449498 582.8287963867188
135502.05416983739 577.1304931640625
135775.24379517982 570.36767578125
136048.43342052223 564.2941284179688
136321.62304586463 557.5491333007812
136594.81267120707 551.7723388671875
136868.00229654947 546.32861328125
137141.19192189188 539.9287719726562
137414.38154723428 534.0503540039062
137687.57117257672 527.9837036132812
137960.76079791912 521.2315673828125
138233.95042326153 514.1798095703125
138507.14004860396 507.4482116699219
138780.32967394637 500.9092102050781
139053.51929928878 497.68701171875
139326.70892463118 497.7465515136719
139599.89854997362 497.9410400390625
